Temperatures: 45.936647 45.781091 45.521669 45.061436 45.06196 45.557002 45.510736 45.055709 45.110818 46.254122 45.509574 45.062236 45.072318 45.08451 45.07953 45.061841 
Temperatures: 46.634093 47.064473 46.462743 45.164909 45.16362 46.447402 46.121973 45.136803 45.342551 48.147381 46.202458 45.157624 45.145973 45.200478 45.179754 45.119002 
Temperatures: 47.312854 48.28185 47.346287 45.319268 45.309602 47.222353 46.673857 45.248065 45.677519 49.754436 46.884043 45.288882 45.225617 45.346952 45.300705 45.179538 
Temperatures: 47.988233 49.368579 48.189822 45.510708 45.484452 47.922453 47.178372 45.378808 46.078356 51.163444 47.608471 45.446496 45.315711 45.514229 45.437202 45.245941 
Temperatures: 48.658834 50.423736 48.987404 45.732094 45.680347 48.540854 47.641354 45.523794 46.521845 52.363125 48.302279 45.626603 45.416749 45.693997 45.584012 45.318302 
Temperatures: 49.325871 51.468791 49.697778 45.975974 45.891115 49.090835 48.067578 45.67907 46.99168 53.433736 48.952944 45.824112 45.528681 45.880443 45.73751 45.396641 
Temperatures: 49.989457 52.469932 50.422572 46.238029 46.112364 49.584568 48.460869 45.841683 47.476541 54.367271 49.56293 46.034843 45.65115 46.069958 45.895167 45.48086 
Temperatures: 50.646732 53.391967 51.073448 46.513938 46.340478 50.029325 48.825209 46.009051 47.968883 55.243883 50.142148 46.255362 45.782356 46.259305 46.054405 45.57003 
Temperatures: 51.295723 54.280873 51.74102 46.800653 46.573033 50.434942 49.163933 46.179363 48.463377 56.020929 50.68841 46.483256 45.921767 46.447342 46.214159 45.663961 
Temperatures: 51.934642 55.097537 52.336965 47.094751 46.807856 50.805888 49.479029 46.350897 48.955617 56.752162 51.20844 46.716182 46.067198 46.632193 46.372607 45.761416 
Temperatures: 52.561894 55.889174 52.951846 47.394091 47.043637 51.14883 49.775658 46.522629 49.442682 57.408504 51.700085 46.952584 46.21836 46.813948 46.529616 45.862303 
Temperatures: 53.175842 56.616349 53.497379 47.696076 47.279016 51.46621 50.051564 46.693422 49.922338 58.038181 52.170256 47.190828 46.373181 46.991394 46.683856 45.965356 
Temperatures: 53.775729 57.325738 54.064108 47.999277 47.513258 51.762964 50.311529 46.862611 50.393176 58.607955 52.615774 47.429887 46.531574 47.1651 46.835532 46.070546 
Temperatures: 54.36047 57.977316 54.56372 48.301742 47.74546 52.040289 50.556554 47.029494 50.854071 59.162926 53.043283 47.668573 46.691736 47.334226 46.983753 46.176758 
Temperatures: 54.929573 58.617137 55.086721 48.602602 47.975237 52.302127 50.788496 47.193768 51.304404 59.66749 53.449714 47.906233 46.853783 47.49953 47.128986 46.284041 
Temperatures: 55.482977 59.204596 55.544764 48.900397 48.201954 52.54881 51.008235 47.354969 51.743647 60.164955 53.841619 48.142014 47.016136 47.660328 47.270527 46.391407 
Temperatures: 56.020279 59.785209 56.028281 49.194679 48.425437 52.783582 51.217289 47.51299 52.171624 60.618311 54.214748 48.375519 47.179097 47.817462 47.408969 46.499014 
Temperatures: 56.541264 60.317851 56.448824 49.48435 48.64522 53.006194 51.416022 47.667517 52.588112 61.069752 54.575648 48.606096 47.341263 47.970297 47.543693 46.60598 
Temperatures: 57.046287 60.847585 56.896742 49.769277 48.86127 53.219432 51.606175 47.818581 52.993175 61.481416 54.92014 48.833548 47.503105 48.119716 47.675383 46.712574 
Temperatures: 57.535326 61.332894 57.28351 50.04863 49.07324 53.422676 51.787847 47.96599 53.386784 61.894831 55.254592 49.057401 47.663359 48.265097 47.80348 46.818008 
Temperatures: 58.008666 61.818482 57.699381 50.322502 49.281189 53.618403 51.962656 48.109869 53.769137 62.271584 55.574236 49.277591 47.822616 48.407324 47.92871 46.922635 
Temperatures: 58.466426 62.262506 58.055705 50.590243 49.484841 53.805697 52.129391 48.250062 54.140296 62.652734 55.884853 49.49373 47.979701 48.545752 48.05049 47.025719 
Temperatures: 58.909241 62.709396 58.442639 50.852112 49.68433 53.986839 52.291648 48.386774 54.500546 62.99951 56.182169 49.705857 48.135328 48.681287 48.169616 47.127716 
Temperatures: 59.33718 63.117069 58.77145 51.107587 49.87943 54.160727 52.445899 48.519886 54.850008 63.352683 56.471793 49.913673 48.288377 48.813245 48.285475 47.227917 
Temperatures: 59.750926 63.529733 59.132197 51.357026 50.070309 54.329393 52.59481 48.649543 55.189005 63.673229 56.749086 50.117278 48.439618 48.942502 48.398771 47.326806 
Temperatures: 60.150596 63.905119 59.436059 51.600008 50.256789 54.491641 52.73834 48.775684 55.517696 64.001714 57.019382 50.316431 48.588028 49.068397 48.508971 47.423764 
Temperatures: 60.536677 64.287263 59.773019 51.836964 50.43907 54.649448 52.87721 48.898527 55.836417 64.298949 57.278448 50.511287 48.734413 49.191774 48.6168 47.519288 
Temperatures: 60.909894 64.633758 60.054206 52.067534 50.617004 54.801522 53.011315 49.01802 56.145353 64.605378 57.531815 50.701673 48.877801 49.311971 48.721722 47.612797 
Temperatures: 61.270466 64.98852 60.369531 52.292198 50.790813 54.949756 53.141312 49.134386 56.444861 64.88169 57.774336 50.887773 49.019028 49.42981 48.824443 47.704811 
Temperatures: 61.618649 65.30901 60.630042 52.51063 50.960362 55.092777 53.266822 49.247567 56.735113 65.168208 58.011781 51.069427 49.157153 49.544616 48.924406 47.794766 
Temperatures: 61.955158 65.639038 60.925602 52.723345 51.125893 55.232428 53.388936 49.357796 57.016464 65.425543 58.239291 51.246857 49.293052 49.657215 49.022326 47.883214 
Temperatures: 62.280223 65.935986 61.167221 52.930046 51.287289 55.367303 53.507187 49.465032 57.289095 65.693963 58.46264 51.419945 49.425811 49.766924 49.117652 47.969609 
Temperatures: 62.5943 66.24358 61.444715 53.131267 51.4448 55.499213 53.622702 49.569518 57.553354 65.934011 58.676546 51.588929 49.556324 49.874559 49.211099 48.054515 
Temperatures: 62.897614 66.519112 61.66902 53.326716 51.598311 55.626684 53.733838 49.671182 57.809401 66.18587 58.886337 51.753676 49.68368 49.979412 49.302063 48.137378 
Temperatures: 63.190843 66.80625 61.929907 53.516944 51.748089 55.751523 53.843815 49.770289 58.057584 66.410033 59.087344 51.914441 49.808818 50.082329 49.391313 48.21881 
Temperatures: 63.47406 67.062227 62.13828 53.701664 51.894019 55.872227 53.948775 49.866761 58.298054 66.646647 59.284828 52.071107 49.930816 50.182568 49.478201 48.29823 
Temperatures: 63.747914 67.330647 62.383865 53.88142 52.036359 55.990488 54.051095 49.960766 58.531141 66.856156 59.473846 52.223925 50.050614 50.280952 49.563395 48.376236 
Temperatures: 64.01246 67.568698 62.577527 54.055936 52.175006 56.104817 54.150482 50.052255 58.756991 67.078667 59.65946 52.372782 50.167333 50.376773 49.646326 48.452301 
Temperatures: 64.268101 67.819932 62.808961 54.225757 52.310223 56.216945 54.247432 50.141446 58.975916 67.274594 59.837195 52.517936 50.281906 50.47083 49.727681 48.527001 
Temperatures: 64.51546 68.041506 62.989027 54.390606 52.441907 56.325363 54.341643 50.228281 59.18806 67.484038 60.01237 52.659302 50.393468 50.562424 49.806889 48.599819 
Temperatures: 64.75464 68.276941 63.207387 54.551024 52.570319 56.431782 54.433599 50.312968 59.39373 67.667382 60.179645 52.797133 50.502948 50.652341 49.884621 48.671328 
Temperatures: 64.985778 68.483343 63.374859 54.706727 52.695354 56.534671 54.522767 50.395433 59.593043 67.864687 60.344617 52.931325 50.609484 50.739876 49.960288 48.741008 
Temperatures: 65.209457 68.7042 63.581092 54.858255 52.817273 56.635734 54.610102 50.475885 59.786292 68.036324 60.502273 53.062146 50.71402 50.825826 50.034572 48.809444 
Temperatures: 65.425775 68.896598 63.736899 55.005324 52.935976 56.733446 54.695017 50.55426 59.973593 68.222352 60.658246 53.189508 50.815699 50.909484 50.106894 48.87612 
Temperatures: 65.635052 69.103996 63.931909 55.148469 53.051721 56.829515 54.778529 50.630774 60.155225 68.383122 60.807124 53.31368 50.915465 50.991644 50.177942 48.94162 
Temperatures: 65.837377 69.28344 64.07689 55.287394 53.164397 56.922375 54.858901 50.705327 60.331276 68.558649 60.954121 53.434543 51.012445 51.071579 50.247087 49.005409 
Temperatures: 66.033295 69.478372 64.261453 55.422635 53.274272 57.013753 54.939268 50.778157 60.502022 68.709269 61.094459 53.552366 51.107614 51.150117 50.315072 49.068107 
Temperatures: 66.222744 69.645816 64.396354 55.553885 53.381227 57.102074 55.015694 50.849157 60.667542 68.874987 61.233302 53.667038 51.200078 51.2265 50.381228 49.129146 
Temperatures: 66.406242 69.829184 64.57118 55.681665 53.485516 57.188968 55.090486 50.918468 60.828092 69.016119 61.365614 53.778811 51.2908 51.301534 50.446202 49.189127 
Temperatures: 66.583715 69.985488 64.696668 55.805672 53.587025 57.272891 55.163289 50.98601 60.983747 69.172653 61.496373 53.887572 51.378919 51.374502 50.509408 49.247528 
Temperatures: 66.755442 70.158112 64.862393 55.926421 53.686007 57.355522 55.234544 51.051976 61.134743 69.304891 61.621027 53.993574 51.465383 51.446189 50.571513 49.304923 
Temperatures: 66.921923 70.30406 64.9791 56.043605 53.782348 57.435309 55.303898 51.11628 61.281155 69.452833 61.744821 54.096723 51.54934 51.515883 50.631929 49.360796 
Temperatures: 67.083146 70.46671 65.136348 56.15773 53.876295 57.513922 55.371789 51.179105 61.42322 69.576769 61.862348 54.197263 51.631725 51.584363 50.691313 49.415716 
Temperatures: 67.239132 70.603036 65.244852 56.268479 53.967727 57.589791 55.437643 51.240351 61.560987 69.716667 61.979139 54.295078 51.711684 51.650911 50.74906 49.469163 
Temperatures: 67.390354 70.756398 65.39417 56.376357 54.056892 57.664589 55.502374 51.300201 61.694681 69.832818 62.090122 54.390423 51.790164 51.716316 50.80584 49.521716 
Temperatures: 67.536806 70.883766 65.495027 56.481047 54.143671 57.736759 55.565362 51.35857 61.824352 69.965201 62.200872 54.483198 51.86631 51.779863 50.861061 49.572853 
Temperatures: 67.678705 71.028488 65.636968 56.583047 54.228309 57.807981 55.627593 51.41565 61.950215 70.074097 62.305925 54.573652 51.941064 51.842337 50.915398 49.623154 
Temperatures: 67.816043 71.147506 65.730683 56.682027 54.310675 57.876663 55.687298 51.471319 62.072297 70.199446 62.410443 54.661655 52.013555 51.903003 50.968211 49.672077 
Temperatures: 67.94927 71.284164 65.86571 56.778489 54.39102 57.944507 55.747586 51.525796 62.190812 70.301524 62.5096 54.747456 52.084754 51.96268 51.020232 49.720236 
Temperatures: 68.078233 71.395395 65.952734 56.872093 54.469209 58.009917 55.804495 51.578954 62.305782 70.420271 62.608514 54.830928 52.153762 52.020604 51.070784 49.767057 
Temperatures: 68.203366 71.524524 66.081275 56.963325 54.545476 58.074501 55.860311 51.630912 62.417404 70.515944 62.702106 54.912306 52.221539 52.077573 51.120501 49.813133 
Temperatures: 68.324511 71.628478 66.162009 57.051852 54.619692 58.136695 55.914656 51.681576 62.5257 70.628475 62.795312 54.991459 52.28722 52.132863 51.16879 49.857936 
Temperatures: 68.441867 71.750566 66.28445 57.138155 54.692092 58.198159 55.967951 51.73112 62.630852 70.718113 62.883541 55.068623 52.351745 52.187251 51.216309 49.902034 
Temperatures: 68.555858 71.847716 66.359287 57.221895 54.762544 58.257324 56.019823 51.779442 62.732883 70.824808 62.971998 55.143685 52.414255 52.240019 51.262462 49.944904 
Temperatures: 68.666399 71.963238 66.476023 57.303551 54.831279 58.315843 56.070694 51.826709 62.831982 70.908799 63.055241 55.216873 52.47568 52.291939 51.307897 49.987108 
Temperatures: 68.773442 72.054036 66.545326 57.382774 54.898158 58.372131 56.119972 51.872806 62.928147 71.010011 63.138768 55.288054 52.535158 52.342286 51.352002 50.028118 
Temperatures: 68.877392 72.163409 66.6567 57.460042 54.963413 58.427845 56.168557 51.917903 63.021558 71.088687 63.21747 55.357463 52.593628 52.391843 51.39544 50.068508 
Temperatures: 68.978179 72.248266 66.720827 57.535008 55.026909 58.481415 56.215814 51.9619 63.11222 71.184766 63.296893 55.424985 52.650227 52.439887 51.43761 50.10775 
Temperatures: 69.07596 72.351898 66.827207 57.608145 55.088873 58.534505 56.262714 52.004978 63.200306 71.258487 63.371541 55.490852 52.705889 52.487198 51.479183 50.146417 
Temperatures: 69.170666 72.431193 66.886486 57.679095 55.149161 58.585511 56.307477 52.047002 63.285799 71.349752 63.446545 55.554917 52.759735 52.533033 51.51951 50.18396 
Temperatures: 69.262693 72.529441 66.988162 57.748336 55.208007 58.636122 56.353197 52.088178 63.368874 71.418799 63.517053 55.617412 52.812728 52.578207 51.559318 50.220989 
Temperatures: 69.351834 72.603527 67.042881 57.815502 55.26526 58.684731 56.395903 52.128368 63.449514 71.505532 63.588154 55.678195 52.863961 52.621947 51.597923 50.256922 
Temperatures: 69.438469 72.696726 67.140128 57.881056 55.321142 58.732932 56.437868 52.167683 63.527879 71.570174 63.654744 55.737485 52.914384 52.665047 51.635954 50.292349 
Temperatures: 69.522393 72.765923 67.190541 57.944641 55.375508 58.779151 56.478704 52.206017 63.603952 71.652623 63.721732 55.795134 52.963123 52.706775 51.672811 50.326733 
Temperatures: 69.603756 72.854382 67.283599 58.006716 55.428577 58.825038 56.518822 52.243534 63.677884 71.713098 63.784503 55.851365 53.011112 52.747903 51.709146 50.360638 
Temperatures: 69.682938 72.918989 67.329962 58.066922 55.480206 58.869013 56.557839 52.280123 63.749663 71.791516 63.848239 55.906048 53.057482 52.787708 51.74436 50.393536 
Temperatures: 69.759809 73.003015 67.4191 58.125713 55.530611 58.912717 56.596168 52.315942 63.819444 71.848088 63.907474 55.959399 53.103156 52.826954 51.779093 50.425985 
Temperatures: 69.834281 73.063326 67.461648 58.182724 55.579641 58.954557 56.633208 52.350868 63.887196 71.92271 63.967684 56.011268 53.147261 52.864912 51.812729 50.457451 
Temperatures: 69.906718 73.143185 67.547087 58.238409 55.627515 58.99618 56.66985 52.385064 63.953068 71.975599 64.02374 56.061879 53.19073 52.902358 51.845926 50.488503 
Temperatures: 69.977012 73.199467 67.586066 58.292406 55.674084 59.036006 56.705452 52.41842 64.017036 72.046666 64.081167 56.1111 53.232691 52.938563 51.878078 50.518607 
Temperatures: 70.045283 73.275427 67.668061 58.345166 55.719565 59.075691 56.740976 52.451109 64.079244 72.096125 64.134448 56.159153 53.274071 52.974303 51.90985 50.548334 
Temperatures: 70.111427 73.327923 67.703692 58.396316 55.7638 59.113622 56.774634 52.482992 64.139649 72.163855 64.188697 56.205876 53.313981 53.008829 51.94059 50.577129 
Temperatures: 70.175806 73.400215 67.782433 58.446315 55.807013 59.15148 56.809516 52.514266 64.198401 72.210069 64.239041 56.25149 53.353378 53.042949 51.97102 50.605598 
Temperatures: 70.23818 73.449156 67.814906 58.49478 55.849042 59.187648 56.84164 52.544788 64.255455 72.274649 64.290553 56.295838 53.391346 53.075886 52.000451 50.633154 
Temperatures: 70.2989 73.517995 67.890572 58.54216 55.890097 59.223714 56.873274 52.574661 64.31095 72.317796 64.338109 56.33913 53.428828 53.108429 52.029508 50.660384 
Temperatures: 70.357727 73.56359 67.920049 58.58808 55.930022 59.258095 56.904024 52.603773 64.364844 72.379388 64.386605 56.381207 53.464943 53.13984 52.057586 50.686747 
Temperatures: 70.414786 73.629176 67.992794 58.632985 55.969027 59.292435 56.934293 52.632282 64.417265 72.419621 64.431407 56.422276 53.500616 53.170887 52.085335 50.712803 
Temperatures: 70.470429 73.671618 68.019447 58.6765 56.006959 59.325144 56.963693 52.660072 64.46818 72.478395 64.477683 56.462201 53.534973 53.20084 52.112148 50.73802 
Temperatures: 70.524498 73.73416 68.089458 58.719067 56.044023 59.357859 56.992631 52.687297 64.517723 72.515901 64.51995 56.501183 53.568928 53.230459 52.138665 50.762952 
Temperatures: 70.576879 73.773647 68.113444 58.760305 56.080058 59.388978 57.020501 52.713826 64.565843 72.572017 64.563671 56.539065 53.601603 53.259011 52.164264 50.787062 
Temperatures: 70.627914 73.833318 68.180867 58.800657 56.115276 59.420142 57.048188 52.739818 64.612669 72.606942 64.603702 56.576058 53.633922 53.287267 52.1896 50.810914 
Temperatures: 70.67747 73.870027 68.202359 58.839745 56.149517 59.449764 57.075044 52.765158 64.658159 72.66057 64.645554 56.612023 53.665007 53.314493 52.214062 50.833974 
Temperatures: 70.725643 73.927009 68.26738 58.87801 56.18299 59.479494 57.102027 52.790016 64.702437 72.693099 64.683697 56.647169 53.695779 53.34146 52.238313 50.856806 
Temperatures: 70.77231 73.961102 68.286532 58.915066 56.215528 59.507713 57.127343 52.814245 64.745445 72.744392 64.723232 56.681327 53.725342 53.367414 52.261697 50.878854 
Temperatures: 70.81781 74.015546 68.349274 58.95136 56.247348 59.536095 57.154076 52.838041 64.787314 72.774646 64.759273 56.714707 53.754647 53.393161 52.284931 50.90072 
Temperatures: 70.861884 74.047178 68.366214 58.986499 56.278278 59.563019 57.178242 52.861254 64.827984 72.823729 64.796882 56.747145 53.782772 53.417917 52.307324 50.921814 
Temperatures: 70.904862 74.099227 68.426797 59.020919 56.308521 59.590065 57.202102 52.883984 64.867577 72.851828 64.830923 56.778841 53.810654 53.442468 52.329498 50.94272 
Temperatures: 70.94649 74.128535 68.441627 59.054235 56.337915 59.615646 57.225259 52.906115 64.906036 72.898805 64.866279 56.809627 53.837406 53.466072 52.350844 50.962895 
Temperatures: 70.98687 74.178321 68.500149 59.086883 56.36666 59.641399 57.248111 52.927802 64.943476 72.924845 64.898307 56.839704 53.863947 53.489492 52.372008 50.982895 
Temperatures: 71.026339 74.205433 68.512988 59.118476 56.394596 59.66573 57.270267 52.948924 64.979847 72.969834 64.932163 56.868925 53.889397 53.511994 52.392382 51.002185 
Temperatures: 71.064724 74.253101 68.569582 59.149448 56.421922 59.690271 57.292129 52.969631 65.015272 72.993951 64.962356 56.897486 53.914666 53.534336 52.4126 51.021317 
Temperatures: 71.101893 74.278154 68.580536 59.179407 56.448471 59.713414 57.313085 52.989789 65.049684 73.037061 64.994336 56.92522 53.938868 53.555779 52.43204 51.03975 
Temperatures: 71.138173 74.323819 68.635299 59.208788 56.474446 59.736795 57.334019 53.009554 65.083201 73.059352 65.02295 56.952333 53.962924 53.57709 52.451352 51.058049 
Temperatures: 71.173415 74.346934 68.644494 59.237204 56.499683 59.758823 57.354277 53.028807 65.115769 73.100708 65.053701 56.978677 53.985951 53.597533 52.469923 51.075673 
Temperatures: 71.207704 74.390722 68.697567 59.265088 56.524383 59.781143 57.374816 53.047715 65.147499 73.121313 65.081049 57.004455 54.008864 53.617875 52.488413 51.093186 
Temperatures: 71.240899 74.412008 68.705112 59.292044 56.548373 59.802132 57.393836 53.066129 65.178322 73.161022 65.110085 57.029489 54.030763 53.637357 52.506162 51.110028 
Temperatures: 71.273328 74.454021 68.756576 59.318512 56.571864 59.823459 57.414419 53.084239 65.208356 73.18002 65.135917 57.053986 54.052592 53.656782 52.523887 51.126801 
Temperatures: 71.304718 74.473584 68.762557 59.344092 56.594679 59.843498 57.432576 53.101894 65.237533 73.218167 65.163597 57.077774 54.073427 53.675364 52.540892 51.142911 
Temperatures: 71.335388 74.513916 68.812492 59.369211 56.617015 59.863827 57.450567 53.119191 65.265962 73.235638 65.187981 57.101045 54.094198 53.693885 52.557797 51.15894 
Temperatures: 71.36507 74.531847 68.816974 59.393478 56.638704 59.882853 57.467989 53.136011 65.293579 73.272288 65.213945 57.123627 54.114016 53.711598 52.573991 51.174342 
Temperatures: 71.393856 74.570587 68.865439 59.41732 56.659942 59.90221 57.485239 53.152506 65.320486 73.288293 65.236837 57.145715 54.133794 53.729266 52.590118 51.189673 
Temperatures: 71.422072 74.586972 68.868503 59.440346 56.680562 59.920299 57.501921 53.168552 65.346626 73.323529 65.261807 57.167156 54.152649 53.74615 52.605565 51.204394 
Temperatures: 71.449534 74.624223 68.915597 59.46298 56.70076 59.938749 57.518436 53.184297 65.372111 73.338166 65.283355 57.188139 54.171484 53.763004 52.620967 51.219055 
Temperatures: 71.476099 74.639159 68.917318 59.484826 56.720362 59.955948 57.534168 53.199605 65.396867 73.372063 65.306927 57.208494 54.189413 53.779087 52.635696 51.233114 
Temperatures: 71.502083 74.674997 68.963106 59.506311 56.739567 59.973529 57.549999 53.214627 65.421002 73.385399 65.327362 57.228419 54.207351 53.795164 52.650402 51.247132 
Temperatures: 71.52733 74.688568 68.963575 59.527043 56.758206 59.989897 57.565271 53.229244 65.444453 73.418049 65.350155 57.247763 54.22441 53.810495 52.664471 51.260568 
Temperatures: 71.551913 74.723086 69.008167 59.547449 56.776477 60.006694 57.580938 53.24362 65.467325 73.430192 65.369761 57.266723 54.241504 53.825844 52.678557 51.273984 
Temperatures: 71.575684 74.735366 69.007466 59.567127 56.794202 60.022292 57.595199 53.257602 65.48954 73.461675 65.391266 57.285117 54.257726 53.84045 52.692002 51.286817 
Temperatures: 71.598961 74.76863 69.050912 59.586511 56.811587 60.038359 57.611133 53.271381 65.511209 73.472676 65.40977 57.303146 54.27402 53.855113 52.705518 51.299668 
Temperatures: 71.621464 74.779693 69.049099 59.605195 56.828451 60.053265 57.624747 53.284801 65.532257 73.503048 65.430319 57.320634 54.289455 53.869045 52.718407 51.311941 
Temperatures: 71.643502 74.811767 69.091454 59.623603 56.844987 60.068584 57.6383 53.297958 65.552785 73.512959 65.447766 57.337769 54.304961 53.883023 52.731289 51.324216 
Temperatures: 71.6648 74.821673 69.088566 59.641337 56.861023 60.082721 57.651386 53.310731 65.572723 73.542259 65.46698 57.354374 54.319643 53.896301 52.743549 51.335945 
Temperatures: 71.685443 74.852616 69.129865 59.65882 56.876752 60.097306 57.6644 53.323269 65.592166 73.551117 65.483304 57.370639 54.334412 53.909637 52.755829 51.347682 
Temperatures: 71.705749 74.861424 69.12596 59.675655 56.892003 60.11074 57.676944 53.335448 65.611052 73.579404 65.501882 57.386408 54.348382 53.922291 52.767516 51.358888 
Temperatures: 71.725525 74.891312 69.166277 59.692263 56.906966 60.124645 57.689415 53.347411 65.629484 73.587283 65.517211 57.401867 54.362453 53.935014 52.779242 51.37011 
Temperatures: 71.744625 74.899092 69.161407 59.708242 56.921467 60.137409 57.701198 53.359022 65.647384 73.614608 65.53473 57.41684 54.375735 53.947062 52.790378 51.380805 
Temperatures: 71.763356 74.927975 69.200784 59.724015 56.9357 60.150662 57.713169 53.37043 65.664855 73.621553 65.549274 57.431522 54.38914 53.9592 52.80157 51.391532 
Temperatures: 71.781555 74.934787 69.195019 59.739186 56.949493 60.162806 57.724671 53.381515 65.681826 73.647987 65.566334 57.445759 54.401779 53.970683 52.812204 51.40175 
Temperatures: 71.799291 74.962734 69.233545 59.754178 56.963039 60.175481 57.736654 53.392437 65.698399 73.654085 65.580361 57.459743 54.41456 53.982274 52.822933 51.412016 
Temperatures: 71.816408 74.968627 69.226946 59.768585 56.976159 60.187056 57.747317 53.403043 65.714489 73.679688 65.596435 57.47329 54.426577 53.993212 52.833095 51.421769 
Temperatures: 71.833219 74.995682 69.264654 59.782836 56.989055 60.199197 57.759734 53.413521 65.730203 73.68497 65.609654 57.486596 54.438769 54.004292 52.843402 51.431607 
Temperatures: 71.849438 75.000709 69.257258 59.796524 57.001544 60.210271 57.769914 53.423715 65.745459 73.709779 65.625059 57.499483 54.450204 54.014724 52.853154 51.440933 
Temperatures: 71.865369 75.026915 69.294183 59.810065 57.013814 60.22185 57.780111 53.433718 65.760357 73.71428 65.637498 57.512136 54.461807 54.025286 52.862969 51.450324 
Temperatures: 71.880731 75.031116 69.286012 59.823061 57.025692 60.232337 57.789919 53.443407 65.774819 73.738316 65.651837 57.524374 54.472683 54.035227 52.872232 51.459234 
Temperatures: 71.895605 75.056512 69.322171 59.83593 57.037367 60.24336 57.79973 53.452931 65.788936 73.742053 65.663416 57.536384 54.48374 54.045304 52.881582 51.468213 
Temperatures: 71.910303 75.059927 69.313266 59.848272 57.048666 60.253316 57.809145 53.462163 65.802642 73.765357 65.677375 57.548007 54.494088 54.054776 52.890405 51.476721 
Temperatures: 71.924629 75.08457 69.348717 59.860504 57.059777 60.263828 57.818558 53.471246 65.816038 73.76839 65.688208 57.559426 54.504627 54.064392 52.899331 51.485305 
Temperatures: 71.938429 75.08725 69.339112 59.872221 57.070522 60.273281 57.827354 53.480042 65.829039 73.791 65.701349 57.570463 54.514463 54.073406 52.90773 51.49342 
Temperatures: 71.952009 75.111174 69.373883 59.883845 57.081093 60.283301 57.836407 53.488698 65.841744 73.793357 65.711631 57.58131 54.524508 54.08258 52.916247 51.501623 
Temperatures: 71.9652 75.113162 69.363635 59.894974 57.091316 60.29229 57.845059 53.497092 65.85408 73.815327 65.724542 57.591809 54.533868 54.09117 52.924266 51.509372 
Temperatures: 71.978066 75.136419 69.397799 59.90603 57.101382 60.301886 57.854257 53.505384 65.866144 73.817082 65.734529 57.602152 54.543452 54.099936 52.932439 51.517225 
Temperatures: 71.990449 75.13775 69.386954 59.916603 57.111109 60.310455 57.862199 53.51342 65.877848 73.838458 65.746671 57.612151 54.55235 54.108114 52.940103 51.524617 
Temperatures: 72.002657 75.160368 69.420531 59.92712 57.120696 60.319663 57.871959 53.521385 65.889296 73.839627 65.75606 57.622 54.5615 54.1165 52.947968 51.532145 
Temperatures: 72.014399 75.161079 69.409115 59.93717 57.129959 60.327873 57.879542 53.529123 65.900402 73.860434 65.767736 57.631517 54.569966 54.124301 52.955335 51.539213 
Temperatures: 72.025977 75.183087 69.442127 59.947169 57.139085 60.336658 57.887202 53.536725 65.911261 73.86104 65.776545 57.640886 54.578675 54.132293 52.962817 51.546397 
Temperatures: 72.037107 75.183205 69.430147 59.956714 57.147896 60.344417 57.894531 53.544068 65.921794 73.881286 65.787349 57.649924 54.586727 54.139726 52.969799 51.553147 
Temperatures: 72.047865 75.204628 69.462599 59.966221 57.156581 60.352778 57.901921 53.551298 65.932089 73.881334 65.795486 57.658815 54.595028 54.147353 52.976921 51.560015 
Temperatures: 72.058559 75.204179 69.450086 59.975288 57.164964 60.360136 57.908971 53.558288 65.942076 73.901048 65.806093 57.6674 54.602689 54.154432 52.983566 51.566458 
Temperatures: 72.06899 75.225062 69.482025 59.98433 57.173233 60.368112 57.916074 53.56518 65.951853 73.900587 65.81366 57.675857 54.610607 54.161712 52.990363 51.573022 
Temperatures: 72.079003 75.224085 69.469001 59.99294 57.181206 60.375089 57.922613 53.571833 65.961332 73.919795 65.823623 57.684007 54.617886 54.168445 52.996682 51.579162 
Temperatures: 72.0889 75.244451 69.500444 60.001537 57.189074 60.382693 57.929461 53.578396 65.970611 73.918841 65.830809 57.692041 54.625435 54.175392 53.003167 51.585435 
Temperatures: 72.098508 75.242976 69.486956 60.009717 57.196662 60.389324 57.935958 53.584744 65.979613 73.937589 65.840705 57.699798 54.632362 54.181806 53.009198 51.591295 
Temperatures: 72.107888 75.262864 69.517966 60.017899 57.204158 60.396617 57.943052 53.591036 65.988432 73.936207 65.847755 57.707468 54.639572 54.188448 53.015429 51.597302 
Temperatures: 72.116881 75.260917 69.504051 60.025672 57.211378 60.40294 57.948938 53.597117 65.996978 73.95453 65.857036 57.714862 54.646154 54.194552 53.021195 51.602889 
Temperatures: 72.12579 75.280345 69.534639 60.033462 57.218522 60.409954 57.956689 53.603171 66.005352 73.952727 65.86364 57.722172 54.653044 54.200912 53.027205 51.608652 
Temperatures: 72.134323 75.277952 69.520312 60.040855 57.225402 60.416024 57.96231 53.609041 66.013467 73.97064 65.872603 57.729214 54.659306 54.206736 53.032758 51.613994 
Temperatures: 72.142779 75.296939 69.55049 60.048265 57.232203 60.422718 57.968053 53.614818 66.021415 73.968429 65.878769 57.736171 54.665865 54.212797 53.038469 51.61949 
Temperatures: 72.150871 75.294117 69.535751 60.055287 57.238748 60.428438 57.97351 53.620377 66.029115 73.985932 65.886999 57.742858 54.671818 54.218343 53.04372 51.62459 
Temperatures: 72.158673 75.312679 69.565517 60.062336 57.245223 60.434808 57.979071 53.625864 66.036652 73.98331 65.892628 57.749458 54.678073 54.224129 53.04915 51.629844 
Temperatures: 72.166492 75.309445 69.550387 60.069009 57.251451 60.440223 57.984334 53.63115 66.043954 74.000424 65.900793 57.755808 54.683737 54.22941 53.054141 51.63471 
Temperatures: 72.174125 75.327619 69.579779 60.075717 57.257617 60.446301 57.989692 53.636376 66.051117 73.997431 65.905981 57.762088 54.689706 54.234934 53.059322 51.639732 
Temperatures: 72.181416 75.324004 69.564275 60.082053 57.26354 60.451427 57.994525 53.641402 66.058053 74.014175 65.913626 57.768115 54.695085 54.239952 53.064062 51.644364 
Temperatures: 72.188662 75.341802 69.593302 60.088433 57.269409 60.457223 57.999707 53.646374 66.064855 74.010821 65.918554 57.77408 54.70078 54.245224 53.069003 51.649163 
Temperatures: 72.195692 75.337828 69.577462 60.094454 57.275047 60.46209 58.004577 53.651167 66.071446 74.027233 65.926251 57.779819 54.705898 54.250004 53.073526 51.653582 
Temperatures: 72.202563 75.355283 69.606182 60.100532 57.280641 60.467661 58.010082 53.65594 66.077918 74.023575 65.931158 57.785523 54.711343 54.255049 53.078283 51.65818 
Temperatures: 72.209113 75.350968 69.590035 60.106255 57.286007 60.472302 58.014415 53.660536 66.084179 74.039682 65.938352 57.791 54.716202 54.259594 53.082609 51.662389 
Temperatures: 72.215646 75.368091 69.61845 60.112046 57.291341 60.477675 58.020649 53.665139 66.090329 74.035721 65.942922 57.796441 54.721412 54.264432 53.087212 51.666806 
Temperatures: 72.221866 75.363454 69.602007 60.117491 57.296456 60.482143 58.024788 53.669591 66.096278 74.051532 65.949903 57.801661 54.726035 54.268769 53.091389 51.670831 
Temperatures: 72.22807 75.380256 69.630124 60.123002 57.301537 60.487274 58.029084 53.673982 66.102117 74.047274 65.954138 57.806842 54.730994 54.273378 53.095756 51.67504 
Temperatures: 72.233971 75.375308 69.613378 60.128175 57.306403 60.491468 58.033127 53.678187 66.107763 74.062784 65.960487 57.811796 54.735386 54.277507 53.099694 51.678882 
Temperatures: 72.23964 75.391799 69.641189 60.133421 57.311241 60.496347 58.037306 53.68235 66.113301 74.058221 65.964283 57.816707 54.740119 54.281908 53.10384 51.682906 
Temperatures: 72.245382 75.386549 69.624154 60.138335 57.315872 60.500307 58.04122 53.686342 66.118656 74.073445 65.970662 57.821412 54.744297 54.285838 53.107577 51.686569 
Temperatures: 72.250994 75.402759 69.651691 60.143331 57.320481 60.504966 58.04526 53.690305 66.123924 74.068611 65.97411 57.826086 54.748816 54.290041 53.111533 51.690416 
Temperatures: 72.256317 75.397233 69.63438 60.147997 57.324885 60.508705 58.048805 53.694095 66.129013 74.083561 65.980059 57.830548 54.75278 54.29377 53.115075 51.693898 
Temperatures: 72.261647 75.413169 69.661647 60.15275 57.329272 60.513149 58.05273 53.69786 66.134017 74.07846 65.983335 57.834987 54.757095 54.297784 53.118845 51.697573 
Temperatures: 72.266812 75.407383 69.644092 60.157185 57.333463 60.516695 58.056371 53.701473 66.138858 74.09317 65.989421 57.839239 54.760866 54.301334 53.122226 51.700895 
Temperatures: 72.271868 75.423073 69.671141 60.161716 57.337648 60.520976 58.060676 53.705093 66.143625 74.087855 65.99276 57.843492 54.764997 54.305179 53.125865 51.704419 
Temperatures: 72.276651 75.41704 69.653367 60.165932 57.341638 60.524359 58.063836 53.708563 66.148225 74.102347 65.998424 57.847554 54.768574 54.308552 53.129099 51.707579 
Temperatures: 72.281462 75.432489 69.680196 60.170254 57.34563 60.528503 58.068925 53.712065 66.152758 74.096813 66.001504 57.851616 54.772533 54.312245 53.132635 51.710969 
Temperatures: 72.286006 75.426222 69.662209 60.174267 57.349437 60.531772 58.071946 53.715441 66.157131 74.111092 66.007033 57.855491 54.775935 54.315464 53.13577 51.713992 
Temperatures: 72.290579 75.441437 69.688821 60.178383 57.353241 60.535732 58.075149 53.718781 66.161436 74.105342 66.009853 57.85936 54.779702 54.318983 53.139118 51.717221 
Temperatures: 72.295504 75.435693 69.673214 60.18304 57.357768 60.542622 58.178052 53.725833 66.16628 74.12196 66.077968 57.865734 54.784795 54.324199 53.147219 51.722311 
Temperatures: 72.258413 74.688138 69.139179 60.152796 57.327855 59.997128 57.886833 53.712527 66.106305 72.622292 65.741959 57.843257 54.74992 54.276404 53.114495 51.697095 
Temperatures: 72.136804 73.491421 68.251571 60.06097 57.237098 59.114407 57.241985 53.655169 65.934367 70.746606 64.952054 57.765161 54.686086 54.168965 53.033275 51.649511 
Temperatures: 71.913885 72.356874 67.406949 59.91852 57.10006 58.341986 56.655744 53.561687 65.677641 69.174793 64.188873 57.642729 54.615423 54.030489 52.925889 51.59869 
Temperatures: 71.640732 71.292751 66.607258 59.739966 56.934449 57.664772 56.125355 53.445189 65.368281 67.841121 63.465805 57.491618 54.534669 53.872274 52.800151 51.542625 
Temperatures: 71.326553 70.298237 65.849327 59.532458 56.748681 57.066398 55.643885 53.311998 65.024936 66.692836 62.78512 57.318812 54.442709 53.702084 52.661941 51.480368 
