Counters: 87 8 28 32 125 109 4 9 34 0 1 8 0 980160
Counters: 480 151 23 89 133 77 289 39 290 15 0 0 0 1000000
Counters: 87 8 28 32 125 109 4 9 34 0 1 8 0 980160
Counters: 480 151 23 91 132 78 289 39 292 15 0 0 0 1000000
Counters: 486 155 23 91 132 78 293 41 296 15 0 0 0 1000000
Counters: 486 155 23 91 132 78 293 41 296 15 0 0 0 1000000
Counters: 486 155 23 91 132 78 293 41 296 15 0 0 0 1000000
Counters: 486 155 23 91 132 78 293 41 296 15 0 0 0 1000000
Counters: 486 155 23 91 132 78 293 41 296 15 0 0 0 1000000
Counters: 486 155 23 91 132 78 293 41 296 15 0 0 0 1000000
Counters: 486 155 23 91 132 78 293 41 296 15 0 0 0 1000000
Counters: 486 155 23 91 132 78 293 41 296 15 0 0 0 1000000
Counters: 486 155 23 91 132 78 293 41 296 15 0 0 0 1000000
Counters: 486 155 23 91 132 78 293 41 296 15 0 0 0 1000000
Counters: 486 155 23 91 132 78 293 41 296 15 0 0 0 1000000
Counters: 486 155 23 91 132 78 293 41 296 15 0 0 0 1000000
Counters: 486 155 23 91 132 78 293 41 296 15 0 0 0 1000000
Counters: 486 155 23 91 132 78 293 41 296 15 0 0 0 1000000
Counters: 486 155 23 91 132 78 293 41 296 15 0 0 0 1000000
Counters: 486 155 23 91 132 78 293 41 296 15 0 0 0 1000000
Counters: 486 155 23 91 132 78 293 41 296 15 0 0 0 1000000
Counters: 486 155 23 91 132 78 293 41 296 15 0 0 0 1000000
Counters: 486 155 23 91 132 78 293 41 296 15 0 0 0 1000000
Counters: 486 155 23 91 132 78 293 41 296 15 0 0 0 1000000
Counters: 486 155 23 91 132 78 293 41 296 15 0 0 0 1000000
Counters: 486 155 23 91 132 78 293 41 296 15 0 0 0 1000000
Counters: 486 155 23 91 132 78 293 41 296 15 0 0 0 1000000
Counters: 486 155 23 91 132 78 293 41 296 15 0 0 0 1000000
Counters: 486 155 23 91 132 78 293 41 296 15 0 0 0 1000000
Counters: 486 155 23 91 132 78 293 41 296 15 0 0 0 1000000
Counters: 486 155 23 91 132 78 293 41 296 15 0 0 0 1000000
Counters: 486 155 23 91 132 78 293 41 296 15 0 0 0 1000000
Counters: 486 155 23 91 132 78 293 41 296 15 0 0 0 1000000
Counters: 486 155 23 91 132 78 293 41 296 15 0 0 0 1000000
Counters: 486 155 23 91 132 78 293 41 296 15 0 0 0 1000000
Counters: 486 155 23 91 132 78 293 41 296 15 0 0 0 1000000
Counters: 486 155 23 91 132 78 293 41 296 15 0 0 0 1000000
Counters: 87 8 28 32 125 109 4 9 34 0 1 8 0 980160
Counters: 87 8 28 32 125 109 4 9 34 0 1 8 0 980160
Counters: 480 151 23 91 132 78 289 39 292 15 0 0 0 1000000
Counters: 486 155 23 91 132 78 293 41 296 15 0 0 0 1000000
Counters: 486 155 23 91 132 78 293 41 296 15 0 0 0 1000000
Counters: 486 155 23 91 132 78 293 41 296 15 0 0 0 1000000
Counters: 87 8 28 32 125 109 4 9 34 0 1 8 0 980160
Counters: 480 151 23 91 132 78 289 39 292 15 0 0 0 1000000
Counters: 486 155 23 91 132 78 293 41 296 15 0 0 0 1000000
Counters: 486 155 23 91 132 78 293 41 296 15 0 0 0 1000000
Counters: 486 155 23 91 132 78 293 41 296 15 0 0 0 1000000
Counters: 486 155 23 91 132 78 293 41 296 15 0 0 0 1000000
Counters: 486 155 23 91 132 78 293 41 296 15 0 0 0 1000000
Counters: 486 155 23 91 132 78 293 41 296 15 0 0 0 1000000
Counters: 87 8 28 32 125 109 4 9 34 0 1 8 0 980160
Counters: 43 10 9 15 32 18 0 1 11 0 0 0 0 980160
Counters: 467 149 23 91 132 78 287 38 290 15 0 0 0 1000000
Counters: 480 155 23 91 132 78 293 41 296 15 0 0 0 1000000
Counters: 478 155 23 91 132 78 293 41 296 15 0 0 0 1000000
Counters: 478 155 23 91 132 78 293 41 296 15 0 0 0 1000000
Counters: 478 155 23 91 132 78 293 41 296 15 0 0 0 1000000
Counters: 478 155 23 91 132 78 293 41 296 15 0 0 0 1000000
Counters: 478 155 23 91 132 78 293 41 296 15 0 0 0 1000000
Counters: 478 155 23 91 132 78 293 41 296 15 0 0 0 1000000
Counters: 478 155 23 91 132 78 293 41 296 15 0 0 0 1000000
Counters: 478 155 23 91 132 78 293 41 296 15 0 0 0 1000000
Counters: 478 155 23 91 132 78 293 41 296 15 0 0 0 1000000
Counters: 478 155 23 91 132 78 293 41 296 15 0 0 0 1000000
Counters: 478 155 23 91 132 78 293 41 296 15 0 0 0 1000000
Counters: 478 155 23 91 132 78 293 41 296 15 0 0 0 1000000
Counters: 273 102 9 15 78 18 0 1 11 0 0 0 0 980160
Counters: 43 10 9 15 32 18 0 1 11 0 0 0 0 980160
Counters: 467 149 23 91 132 78 287 38 290 15 0 0 0 1000000
Counters: 480 155 23 91 132 78 293 41 296 15 0 0 0 1000000
Counters: 478 155 23 91 132 78 293 41 296 15 0 0 0 1000000
Counters: 43 10 9 15 32 18 0 1 11 0 0 0 0 980160
Counters: 467 149 23 91 132 78 287 38 290 15 0 0 0 1000000
Counters: 480 155 23 91 132 78 293 41 296 15 0 0 0 1000000
Counters: 478 155 23 91 132 78 293 41 296 15 0 0 0 1000000
Counters: 478 155 23 91 132 78 293 41 296 15 0 0 0 1000000
