Counters: 97 14 9 39 30 35 9 4 36 0 0 0 0 980160
Counters: 479 149 23 89 133 77 287 38 288 15 0 0 0 1000000
Counters: 97 14 9 39 30 35 9 4 36 0 0 0 0 980160
Counters: 479 149 23 91 132 78 287 38 290 15 0 0 0 1000000
Counters: 482 155 23 91 132 78 293 41 296 15 0 0 0 1000000
Counters: 480 155 23 91 132 78 293 41 296 15 0 0 0 1000000
Counters: 478 155 23 91 132 78 293 41 296 15 0 0 0 1000000
Counters: 478 155 23 91 132 78 293 41 296 15 0 0 0 1000000
Counters: 478 155 23 91 132 78 293 41 296 15 0 0 0 1000000
Counters: 478 155 23 91 132 78 293 41 296 15 0 0 0 1000000
Counters: 478 155 23 91 132 78 293 41 296 15 0 0 0 1000000
Counters: 478 155 23 91 132 78 293 41 296 15 0 0 0 1000000
Counters: 478 155 23 91 132 78 293 41 296 15 0 0 0 1000000
Counters: 478 155 23 91 132 78 293 41 296 15 0 0 0 1000000
Counters: 478 155 23 91 132 78 293 41 296 15 0 0 0 1000000
Counters: 478 155 23 91 132 78 293 41 296 15 0 0 0 1000000
Counters: 478 155 23 91 132 78 293 41 296 15 0 0 0 1000000
Counters: 478 155 23 91 132 78 293 41 296 15 0 0 0 1000000
Counters: 478 155 23 91 132 78 293 41 296 15 0 0 0 1000000
Counters: 478 155 23 91 132 78 293 41 296 15 0 0 0 1000000
Counters: 478 155 23 91 132 78 293 41 296 15 0 0 0 1000000
Counters: 478 155 23 91 132 78 293 41 296 15 0 0 0 1000000
Counters: 478 155 23 91 132 78 293 41 296 15 0 0 0 1000000
Counters: 478 155 23 91 132 78 293 41 296 15 0 0 0 1000000
Counters: 478 155 23 91 132 78 293 41 296 15 0 0 0 1000000
Counters: 478 155 23 91 132 78 293 41 296 15 0 0 0 1000000
Counters: 478 155 23 91 132 78 293 41 296 15 0 0 0 1000000
Counters: 478 155 23 91 132 78 293 41 296 15 0 0 0 1000000
Counters: 478 155 23 91 132 78 293 41 296 15 0 0 0 1000000
Counters: 478 155 23 91 132 78 293 41 296 15 0 0 0 1000000
Counters: 478 155 23 91 132 78 293 41 296 15 0 0 0 1000000
Counters: 478 155 23 91 132 78 293 41 296 15 0 0 0 1000000
Counters: 478 155 23 91 132 78 293 41 296 15 0 0 0 1000000
Counters: 478 155 23 91 132 78 293 41 296 15 0 0 0 1000000
Counters: 478 155 23 91 132 78 293 41 296 15 0 0 0 1000000
Counters: 478 155 23 91 132 78 293 41 296 15 0 0 0 1000000
Counters: 478 155 23 91 132 78 293 41 296 15 0 0 0 1000000
Counters: 97 14 9 39 30 35 9 4 36 0 0 0 0 980160
Counters: 97 14 9 39 30 35 9 4 36 0 0 0 0 980160
Counters: 479 149 23 91 132 78 287 38 290 15 0 0 0 1000000
Counters: 482 155 23 91 132 78 293 41 296 15 0 0 0 1000000
Counters: 480 155 23 91 132 78 293 41 296 15 0 0 0 1000000
Counters: 478 155 23 91 132 78 293 41 296 15 0 0 0 1000000
Counters: 97 14 9 39 30 35 9 4 36 0 0 0 0 980160
Counters: 479 149 23 91 132 78 287 38 290 15 0 0 0 1000000
Counters: 482 155 23 91 132 78 293 41 296 15 0 0 0 1000000
Counters: 480 155 23 91 132 78 293 41 296 15 0 0 0 1000000
Counters: 478 155 23 91 132 78 293 41 296 15 0 0 0 1000000
Counters: 478 155 23 91 132 78 293 41 296 15 0 0 0 1000000
Counters: 478 155 23 91 132 78 293 41 296 15 0 0 0 1000000
Counters: 478 155 23 91 132 78 293 41 296 15 0 0 0 1000000
Counters: 97 14 9 39 30 35 9 4 36 0 0 0 0 980160
Counters: 149 22 9 53 30 49 16 5 50 0 0 0 0 980160
Counters: 472 151 23 91 132 78 289 39 292 15 0 0 0 1000000
Counters: 486 155 23 91 132 78 293 41 296 15 0 0 0 1000000
Counters: 486 155 23 91 132 78 293 41 296 15 0 0 0 1000000
Counters: 486 155 23 91 132 78 293 41 296 15 0 0 0 1000000
Counters: 486 155 23 91 132 78 293 41 296 15 0 0 0 1000000
Counters: 486 155 23 91 132 78 293 41 296 15 0 0 0 1000000
Counters: 486 155 23 91 132 78 293 41 296 15 0 0 0 1000000
Counters: 486 155 23 91 132 78 293 41 296 15 0 0 0 1000000
Counters: 486 155 23 91 132 78 293 41 296 15 0 0 0 1000000
Counters: 486 155 23 91 132 78 293 41 296 15 0 0 0 1000000
Counters: 486 155 23 91 132 78 293 41 296 15 0 0 0 1000000
Counters: 486 155 23 91 132 78 293 41 296 15 0 0 0 1000000
Counters: 486 155 23 91 132 78 293 41 296 15 0 0 0 1000000
Counters: 486 155 23 91 132 78 293 41 296 15 0 0 0 1000000
Counters: 149 22 9 53 30 49 16 5 50 0 0 0 0 980160
Counters: 149 22 9 53 30 49 16 5 50 0 0 0 0 980160
Counters: 472 151 23 91 132 78 289 39 292 15 0 0 0 1000000
Counters: 486 155 23 91 132 78 293 41 296 15 0 0 0 1000000
Counters: 486 155 23 91 132 78 293 41 296 15 0 0 0 1000000
Counters: 149 22 9 53 30 49 16 5 50 0 0 0 0 980160
Counters: 472 151 23 91 132 78 289 39 292 15 0 0 0 1000000
Counters: 486 155 23 91 132 78 293 41 296 15 0 0 0 1000000
Counters: 486 155 23 91 132 78 293 41 296 15 0 0 0 1000000
Counters: 486 155 23 91 132 78 293 41 296 15 0 0 0 1000000
Counters: 2976 1608 227 128 2191 988 255 1092 616 2 4 41 0 974528
Counters: 145523 81417 9139 4057 88707 31154 14895 51844 32519 40 79 983 1344 971328
Counters: 140034 66238 11152 5356 81034 40939 19150 33985 38808 66 132 1641 2240 976448
Counters: 86814 60858 5443 2980 80796 25891 9415 53910 13563 66 132 1641 2240 976448
Counters: 149 22 9 53 30 49 16 5 50 0 0 0 0 980160
