Counters: 88 8 28 32 125 109 4 9 34 0 2 16 0 980160
Counters: 480 151 23 89 133 77 289 39 290 15 0 0 0 1000000
Counters: 88 8 28 32 125 109 4 9 34 0 2 16 0 980160
Counters: 480 151 23 91 132 78 289 39 292 15 0 0 0 1000000
Counters: 486 155 23 91 132 78 293 41 296 15 0 0 0 1000000
Counters: 486 155 23 91 132 78 293 41 296 15 0 0 0 1000000
Counters: 486 155 23 91 132 78 293 41 296 15 0 0 0 1000000
Counters: 486 155 23 91 132 78 293 41 296 15 0 0 0 1000000
Counters: 486 155 23 91 132 78 293 41 296 15 0 0 0 1000000
Counters: 486 155 23 91 132 78 293 41 296 15 0 0 0 1000000
Counters: 486 155 23 91 132 78 293 41 296 15 0 0 0 1000000
Counters: 486 155 23 91 132 78 293 41 296 15 0 0 0 1000000
Counters: 486 155 23 91 132 78 293 41 296 15 0 0 0 1000000
Counters: 486 155 23 91 132 78 293 41 296 15 0 0 0 1000000
Counters: 486 155 23 91 132 78 293 41 296 15 0 0 0 1000000
Counters: 486 155 23 91 132 78 293 41 296 15 0 0 0 1000000
Counters: 486 155 23 91 132 78 293 41 296 15 0 0 0 1000000
Counters: 486 155 23 91 132 78 293 41 296 15 0 0 0 1000000
Counters: 486 155 23 91 132 78 293 41 296 15 0 0 0 1000000
Counters: 486 155 23 91 132 78 293 41 296 15 0 0 0 1000000
Counters: 486 155 23 91 132 78 293 41 296 15 0 0 0 1000000
Counters: 486 155 23 91 132 78 293 41 296 15 0 0 0 1000000
Counters: 486 155 23 91 132 78 293 41 296 15 0 0 0 1000000
Counters: 486 155 23 91 132 78 293 41 296 15 0 0 0 1000000
Counters: 486 155 23 91 132 78 293 41 296 15 0 0 0 1000000
Counters: 486 155 23 91 132 78 293 41 296 15 0 0 0 1000000
Counters: 486 155 23 91 132 78 293 41 296 15 0 0 0 1000000
Counters: 486 155 23 91 132 78 293 41 296 15 0 0 0 1000000
Counters: 486 155 23 91 132 78 293 41 296 15 0 0 0 1000000
Counters: 486 155 23 91 132 78 293 41 296 15 0 0 0 1000000
Counters: 486 155 23 91 132 78 293 41 296 15 0 0 0 1000000
Counters: 486 155 23 91 132 78 293 41 296 15 0 0 0 1000000
Counters: 486 155 23 91 132 78 293 41 296 15 0 0 0 1000000
Counters: 486 155 23 91 132 78 293 41 296 15 0 0 0 1000000
Counters: 486 155 23 91 132 78 293 41 296 15 0 0 0 1000000
Counters: 486 155 23 91 132 78 293 41 296 15 0 0 0 1000000
Counters: 486 155 23 91 132 78 293 41 296 15 0 0 0 1000000
Counters: 88 8 28 32 125 109 4 9 34 0 2 16 0 980160
Counters: 88 8 28 32 125 109 4 9 34 0 3 39 0 980096
Counters: 480 151 23 91 132 78 289 39 292 15 0 0 0 1000000
Counters: 486 155 23 91 132 78 293 41 296 15 0 0 0 1000000
Counters: 486 155 23 91 132 78 293 41 296 15 0 0 0 1000000
Counters: 486 155 23 91 132 78 293 41 296 15 0 0 0 1000000
Counters: 88 8 28 32 125 109 4 9 34 0 3 39 0 980096
Counters: 480 151 23 91 132 78 289 39 292 15 0 0 0 1000000
Counters: 486 155 23 91 132 78 293 41 296 15 0 0 0 1000000
Counters: 486 155 23 91 132 78 293 41 296 15 0 0 0 1000000
Counters: 486 155 23 91 132 78 293 41 296 15 0 0 0 1000000
Counters: 486 155 23 91 132 78 293 41 296 15 0 0 0 1000000
Counters: 486 155 23 91 132 78 293 41 296 15 0 0 0 1000000
Counters: 486 155 23 91 132 78 293 41 296 15 0 0 0 1000000
Counters: 88 8 28 32 125 109 4 9 34 0 3 39 0 980096
Counters: 3257 1185 349 121 1370 979 326 227 956 0 3 39 0 980096
Counters: 489 161 23 91 132 78 299 44 302 15 0 0 0 1000000
Counters: 482 155 23 91 132 78 293 41 296 15 0 0 0 1000000
Counters: 480 155 23 91 132 78 293 41 296 15 0 0 0 1000000
Counters: 478 155 23 91 132 78 293 41 296 15 0 0 0 1000000
Counters: 478 155 23 91 132 78 293 41 296 15 0 0 0 1000000
Counters: 478 155 23 91 132 78 293 41 296 15 0 0 0 1000000
Counters: 478 155 23 91 132 78 293 41 296 15 0 0 0 1000000
Counters: 478 155 23 91 132 78 293 41 296 15 0 0 0 1000000
Counters: 478 155 23 91 132 78 293 41 296 15 0 0 0 1000000
Counters: 478 155 23 91 132 78 293 41 296 15 0 0 0 1000000
Counters: 478 155 23 91 132 78 293 41 296 15 0 0 0 1000000
Counters: 478 155 23 91 132 78 293 41 296 15 0 0 0 1000000
Counters: 478 155 23 91 132 78 293 41 296 15 0 0 0 1000000
Counters: 478 155 23 91 132 78 293 41 296 15 0 0 0 1000000
Counters: 667 230 88 46 345 257 66 50 211 0 1 8 0 980160
Counters: 667 230 88 46 345 257 66 50 211 0 1 8 0 980160
Counters: 492 155 23 91 132 78 293 41 296 15 0 0 0 1000000
Counters: 482 155 23 91 132 78 293 41 296 15 0 0 0 1000000
Counters: 480 155 23 91 132 78 293 41 296 15 0 0 0 1000000
Counters: 667 230 88 46 345 257 66 50 211 0 1 8 0 980160
Counters: 492 155 23 91 132 78 293 41 296 15 0 0 0 1000000
Counters: 482 155 23 91 132 78 293 41 296 15 0 0 0 1000000
Counters: 480 155 23 91 132 78 293 41 296 15 0 0 0 1000000
Counters: 478 155 23 91 132 78 293 41 296 15 0 0 0 1000000
Counters: 845 251 136 90 559 445 78 67 272 1 4 41 0 985280
Counters: 91343 33922 8294 3304 39258 26849 13869 7031 28193 20 79 983 1344 984960
Counters: 69021 24493 6680 3186 25061 17521 13304 3689 24172 33 132 1641 2240 983040
Counters: 31893 10417 3688 1894 13467 10313 8034 2159 11592 33 132 1641 2240 983040
Counters: 44701 16544 2883 1046 15483 9750 4782 3207 9645 0 77 1471 1856 978304
