Counters: 5588 2027 38 218 1673 899 288 468 346 0 35 535 704 251456
Counters: 2134 564 28 171 692 647 0 58 228 0 31 467 576 249344
Counters: 5116 1907 29 172 1515 749 288 456 292 0 31 467 576 249344
Counters: 5116 1907 29 172 1515 749 288 456 292 0 31 467 576 250176
Counters: 5036 1886 27 164 1488 724 288 454 283 0 30 459 576 248960
Counters: 5116 1907 29 172 1515 749 288 456 292 0 31 467 576 249088
Counters: 5044 1888 29 168 1493 728 288 454 285 0 30 444 576 249216
Counters: 5116 1907 29 172 1515 749 288 456 292 0 31 467 576 249344
Counters: 5116 1907 29 172 1515 749 288 456 292 0 31 467 576 249344
Counters: 2254 593 32 185 769 746 4 66 244 0 32 490 640 249344
Counters: 5296 2011 99 181 2382 1386 356 650 359 0 30 444 576 249344
Counters: 5116 1907 29 172 1515 749 288 456 292 0 31 467 576 249344
Counters: 5116 1907 29 172 1515 749 288 456 292 0 31 467 576 249344
Counters: 5116 1907 29 172 1515 749 288 456 292 0 31 467 576 249344
Counters: 5188 1926 29 176 1537 770 288 458 299 0 32 490 640 249472
Counters: 5044 1888 29 168 1493 728 288 454 285 0 31 467 576 249152
Counters: 5262 1943 31 181 1558 792 288 458 304 0 32 475 576 249344
Counters: 2146 568 31 177 708 659 0 61 237 0 31 467 576 249664
Counters: 5116 1907 29 172 1515 749 288 456 292 0 31 467 576 249088
Counters: 5116 1907 29 172 1515 749 288 456 292 0 31 467 576 249280
Counters: 5116 1907 29 172 1515 749 288 456 292 0 31 467 576 249344
Counters: 5116 1907 29 172 1515 749 288 456 292 0 31 467 576 249344
Counters: 5116 1907 29 172 1515 749 288 456 292 0 31 467 576 249344
Counters: 5116 1907 29 172 1515 749 288 456 292 0 31 467 576 249344
Counters: 5116 1907 29 172 1515 749 288 456 292 0 31 467 576 249344
Counters: 2134 564 28 171 692 647 0 58 228 0 31 467 576 249344
Counters: 5188 1926 29 176 1537 770 288 458 299 0 32 490 640 250496
Counters: 5166 1917 33 182 1571 827 292 462 301 0 31 467 576 248192
Counters: 5446 2050 101 193 2430 1432 356 654 375 0 32 475 576 249344
Counters: 4964 1867 27 160 1466 703 288 452 276 0 29 436 576 249408
Counters: 5116 1907 29 172 1515 749 288 456 292 0 31 467 576 249344
Counters: 5116 1907 29 172 1515 749 288 456 292 0 31 467 576 249344
Counters: 5116 1907 29 172 1515 749 288 456 292 0 31 467 576 249344
Counters: 2134 564 28 171 692 647 0 58 228 0 31 467 576 249344
Counters: 5116 1907 29 172 1515 749 288 456 292 0 31 467 576 249344
Counters: 5116 1907 29 172 1515 749 288 456 292 0 31 467 576 249344
Counters: 5116 1907 29 172 1515 749 288 456 292 0 31 467 576 249344
Counters: 5116 1907 29 172 1515 749 288 456 292 0 31 467 576 249344
Counters: 5116 1907 29 172 1515 749 288 456 292 0 31 467 576 249344
Counters: 5116 1907 29 172 1515 749 288 456 292 0 31 467 576 249344
Counters: 5116 1907 29 172 1515 749 288 456 292 0 31 467 576 249344
Counters: 2134 564 28 171 692 647 0 58 228 0 31 467 576 249344
Counters: 5116 1907 29 172 1515 749 288 456 292 0 31 467 576 249344
Counters: 5116 1907 29 172 1515 749 288 456 292 0 31 467 576 249344
Counters: 5116 1907 29 172 1515 749 288 456 292 0 31 467 576 249344
Counters: 5116 1907 29 172 1515 749 288 456 292 0 31 467 576 249344
Counters: 5116 1907 29 172 1515 749 288 456 292 0 31 467 576 249344
Counters: 5116 1907 29 172 1515 749 288 456 292 0 31 467 576 249344
Counters: 5116 1907 29 172 1515 749 288 456 292 0 31 467 576 249344
Counters: 2206 583 28 175 714 668 0 60 235 0 32 490 640 250496
Counters: 5190 1924 31 177 1536 771 288 456 297 0 31 467 576 248192
Counters: 5042 1890 27 167 1494 727 288 456 287 0 31 467 576 250048
Counters: 5044 1888 29 168 1493 728 288 454 285 0 30 444 576 248704
Counters: 5116 1907 29 172 1515 749 288 456 292 0 31 467 576 249344
Counters: 5116 1907 29 172 1515 749 288 456 292 0 31 467 576 249344
Counters: 5116 1907 29 172 1515 749 288 456 292 0 31 467 576 249344
Counters: 5116 1907 29 172 1515 749 288 456 292 0 31 467 576 249344
Counters: 2134 564 28 171 692 647 0 58 228 0 31 467 576 249344
Counters: 5116 1907 29 172 1515 749 288 456 292 0 32 490 640 249344
Counters: 5262 1943 31 181 1558 792 288 458 304 0 32 475 576 249344
Counters: 4976 1871 30 166 1482 715 288 455 285 0 29 436 576 249408
Counters: 5116 1907 29 172 1515 749 288 456 292 0 31 467 576 249344
Counters: 5116 1907 29 172 1515 749 288 456 292 0 31 467 576 249344
Counters: 5116 1907 29 172 1515 749 288 456 292 0 31 467 576 249344
Counters: 5116 1907 29 172 1515 749 288 456 292 0 31 467 576 249344
Counters: 2764 798 32 186 893 816 40 109 258 0 32 490 640 249344
Counters: 4938 1845 101 192 2307 1362 320 611 361 0 32 475 576 249920
Counters: 4964 1867 27 160 1466 703 288 452 276 0 29 436 576 248832
Counters: 5116 1907 29 172 1515 749 288 456 292 0 31 467 576 249344
Counters: 5188 1926 29 176 1537 770 288 458 299 0 32 490 640 249728
Counters: 5044 1888 29 168 1493 728 288 454 285 0 30 444 576 248960
Counters: 5116 1907 29 172 1515 749 288 456 292 0 31 467 576 249344
Counters: 5116 1907 29 172 1515 749 288 456 292 0 31 467 576 249344
Counters: 2206 583 28 175 714 668 0 60 235 0 32 490 640 250496
Counters: 5116 1907 29 172 1515 749 288 456 292 0 31 467 576 249344
Counters: 5196 1928 31 180 1542 774 288 458 301 0 32 475 576 248192
Counters: 5116 1907 29 172 1515 749 288 456 292 0 31 467 576 249280
Counters: 5116 1907 29 172 1515 749 288 456 292 0 31 467 576 249344
Counters: 5116 1907 29 172 1515 749 288 456 292 0 31 467 576 249344
Counters: 5116 1907 29 172 1515 749 288 456 292 0 31 467 576 249344
Counters: 5116 1907 29 172 1515 749 288 456 292 0 31 467 576 249344
Counters: 5116 1907 29 172 1515 749 288 456 292 0 31 467 576 249344
Counters: 2280 600 30 180 735 690 0 60 240 0 33 498 640 249280
Counters: 5128 1911 32 178 1531 761 288 459 301 0 31 467 576 249344
Counters: 5116 1907 29 172 1515 749 288 456 292 0 31 467 576 249344
Counters: 5116 1907 29 172 1515 749 288 456 292 0 31 467 576 249344
Counters: 5116 1907 29 172 1515 749 288 456 292 0 31 467 576 249344
Counters: 5116 1907 29 172 1515 749 288 456 292 0 31 467 576 249344
Counters: 5116 1907 29 172 1515 749 288 456 292 0 31 467 576 249344
Counters: 5116 1907 29 172 1515 749 288 456 292 0 31 467 576 249344
Counters: 2134 564 28 171 692 647 0 58 228 0 31 467 576 249344
Counters: 5116 1907 29 172 1515 749 288 456 292 0 31 467 576 249344
Counters: 5116 1907 29 172 1515 749 288 456 292 0 31 467 576 249344
Counters: 5116 1907 29 172 1515 749 288 456 292 0 31 467 576 249344
Counters: 5116 1907 29 172 1515 749 288 456 292 0 31 467 576 249344
Counters: 5268 1947 31 184 1564 795 288 460 308 0 33 498 640 250368
Counters: 5116 1907 29 172 1515 749 288 456 292 0 31 467 576 248256
Counters: 5116 1907 29 172 1515 749 288 456 292 0 31 467 576 249344
Counters: 5116 1907 29 172 1515 749 288 456 292 0 31 467 576 249344
Counters: 2134 564 28 171 692 647 0 58 228 0 31 467 576 249344
Counters: 5116 1907 29 172 1515 749 288 456 292 0 32 490 640 249344
Counters: 5268 1947 31 184 1564 795 288 460 308 0 32 475 576 249920
Counters: 5116 1907 29 172 1515 749 288 456 292 0 31 467 576 248832
Counters: 5116 1907 29 172 1515 749 288 456 292 0 31 467 576 249280
Counters: 5116 1907 29 172 1515 749 288 456 292 0 31 467 576 249344
Counters: 5116 1907 29 172 1515 749 288 456 292 0 31 467 576 249344
Counters: 5116 1907 29 172 1515 749 288 456 292 0 31 467 576 249344
Counters: 2134 564 28 171 692 647 0 58 228 0 31 467 576 249344
Counters: 5188 1926 29 176 1537 770 288 458 299 0 32 490 640 249472
Counters: 5044 1888 29 168 1493 728 288 454 285 0 30 444 576 249216
Counters: 5116 1907 29 172 1515 749 288 456 292 0 31 467 576 249344
Counters: 5188 1926 29 176 1537 770 288 458 299 0 32 490 640 249472
Counters: 5044 1888 29 168 1493 728 288 454 285 0 30 444 576 249216
Counters: 5116 1907 29 172 1515 749 288 456 292 0 31 467 576 249344
Counters: 2850 833 102 188 1329 1110 98 197 381 0 30 475 576 249344
Counters: 6 4 0 3 6 3 0 2 4 0 3 33 0 249920
Counters: 6 4 0 3 6 3 0 2 4 0 3 33 0 249920
Counters: 6 4 0 3 6 3 0 2 4 0 3 33 0 249920
Counters: 6 4 0 3 6 3 0 2 4 0 3 33 0 249920
Counters: 6 4 0 3 6 3 0 2 4 0 3 33 0 249920
