Counters: 5436 1987 36 206 1624 853 288 464 330 0 33 504 640 251456
Counters: 2134 564 28 171 692 647 0 58 228 0 31 467 576 249344
Counters: 5116 1907 29 172 1515 749 288 456 292 0 31 467 576 249344
Counters: 5116 1907 29 172 1515 749 288 456 292 0 31 467 576 249344
Counters: 5116 1907 29 172 1515 749 288 456 292 0 31 467 576 249344
Counters: 5116 1907 29 172 1515 749 288 456 292 0 31 467 576 249344
Counters: 5116 1907 29 172 1515 749 288 456 292 0 31 467 576 249344
Counters: 5116 1907 29 172 1515 749 288 456 292 0 31 467 576 249344
Counters: 5116 1907 29 172 1515 749 288 456 292 0 31 467 576 249344
Counters: 2134 564 28 171 692 647 0 58 228 0 31 467 576 249344
Counters: 5116 1907 29 172 1515 749 288 456 292 0 31 467 576 249344
Counters: 5116 1907 29 172 1515 749 288 456 292 0 31 467 576 249344
Counters: 5116 1907 29 172 1515 749 288 456 292 0 31 467 576 249344
Counters: 5116 1907 29 172 1515 749 288 456 292 0 31 467 576 249344
Counters: 5116 1907 29 172 1515 749 288 456 292 0 31 467 576 249344
Counters: 5116 1907 29 172 1515 749 288 456 292 0 31 467 576 249344
Counters: 5116 1907 29 172 1515 749 288 456 292 0 31 467 576 249344
Counters: 2134 564 28 171 692 647 0 58 228 0 31 467 576 249344
Counters: 5116 1907 29 172 1515 749 288 456 292 0 31 467 576 249344
Counters: 5188 1926 29 176 1537 770 288 458 299 0 32 490 640 249728
Counters: 5190 1924 31 177 1536 771 288 456 297 0 32 475 576 248896
Counters: 5128 1911 32 178 1531 761 288 459 301 0 31 467 576 249920
Counters: 5116 1907 29 172 1515 749 288 456 292 0 31 467 576 249856
Counters: 5036 1886 27 164 1488 724 288 454 283 0 30 459 576 248960
Counters: 5190 1924 31 177 1536 771 288 456 297 0 31 467 576 248640
Counters: 2140 568 28 174 698 650 0 60 232 0 32 475 576 249344
Counters: 5116 1907 29 172 1515 749 288 456 292 0 31 467 576 249344
Counters: 5116 1907 29 172 1515 749 288 456 292 0 31 467 576 249344
Counters: 5116 1907 29 172 1515 749 288 456 292 0 31 467 576 249344
Counters: 5116 1907 29 172 1515 749 288 456 292 0 31 467 576 249344
Counters: 5116 1907 29 172 1515 749 288 456 292 0 31 467 576 249344
Counters: 5116 1907 29 172 1515 749 288 456 292 0 31 467 576 249344
Counters: 5116 1907 29 172 1515 749 288 456 292 0 31 467 576 249344
Counters: 2134 564 28 171 692 647 0 58 228 0 31 467 576 249344
Counters: 5116 1907 29 172 1515 749 288 456 292 0 31 467 576 249344
Counters: 5116 1907 29 172 1515 749 288 456 292 0 31 467 576 249344
Counters: 5116 1907 29 172 1515 749 288 456 292 0 31 467 576 249344
Counters: 5116 1907 29 172 1515 749 288 456 292 0 31 467 576 249344
Counters: 5116 1907 29 172 1515 749 288 456 292 0 31 467 576 249344
Counters: 5116 1907 29 172 1515 749 288 456 292 0 31 467 576 249344
Counters: 5116 1907 29 172 1515 749 288 456 292 0 31 467 576 249344
Counters: 2134 564 28 171 692 647 0 58 228 0 31 467 576 249344
Counters: 5116 1907 29 172 1515 749 288 456 292 0 31 467 576 249344
Counters: 5116 1907 29 172 1515 749 288 456 292 0 31 467 576 249344
Counters: 5116 1907 29 172 1515 749 288 456 292 0 31 467 576 249344
Counters: 5116 1907 29 172 1515 749 288 456 292 0 31 467 576 249344
Counters: 5116 1907 29 172 1515 749 288 456 292 0 31 467 576 249344
Counters: 5116 1907 29 172 1515 749 288 456 292 0 31 467 576 249344
Counters: 5116 1907 29 172 1515 749 288 456 292 0 31 467 576 249344
Counters: 2134 564 28 171 692 647 0 58 228 0 31 467 576 249344
Counters: 5116 1907 29 172 1515 749 288 456 292 0 31 467 576 249344
Counters: 5116 1907 29 172 1515 749 288 456 292 0 31 467 576 249344
Counters: 5116 1907 29 172 1515 749 288 456 292 0 31 467 576 249344
Counters: 5116 1907 29 172 1515 749 288 456 292 0 31 467 576 249344
Counters: 5116 1907 29 172 1515 749 288 456 292 0 31 467 576 249344
Counters: 5116 1907 29 172 1515 749 288 456 292 0 31 467 576 249344
Counters: 5116 1907 29 172 1515 749 288 456 292 0 31 467 576 249344
Counters: 2134 564 28 171 692 647 0 58 228 0 31 467 576 249344
Counters: 5116 1907 29 172 1515 749 288 456 292 0 31 467 576 249344
Counters: 5116 1907 29 172 1515 749 288 456 292 0 31 467 576 249344
Counters: 5116 1907 29 172 1515 749 288 456 292 0 31 467 576 249344
Counters: 5116 1907 29 172 1515 749 288 456 292 0 31 467 576 249344
Counters: 5116 1907 29 172 1515 749 288 456 292 0 31 467 576 249344
Counters: 5116 1907 29 172 1515 749 288 456 292 0 31 467 576 249344
Counters: 5116 1907 29 172 1515 749 288 456 292 0 31 467 576 249344
Counters: 2134 564 28 171 692 647 0 58 228 0 31 467 576 249344
Counters: 5116 1907 29 172 1515 749 288 456 292 0 31 467 576 249344
Counters: 5116 1907 29 172 1515 749 288 456 292 0 31 467 576 249344
Counters: 5116 1907 29 172 1515 749 288 456 292 0 31 467 576 249344
Counters: 5116 1907 29 172 1515 749 288 456 292 0 31 467 576 249344
Counters: 5116 1907 29 172 1515 749 288 456 292 0 31 467 576 249344
Counters: 5116 1907 29 172 1515 749 288 456 292 0 31 467 576 249344
Counters: 5116 1907 29 172 1515 749 288 456 292 0 31 467 576 249344
Counters: 2134 564 28 171 692 647 0 58 228 0 31 467 576 249344
Counters: 5116 1907 29 172 1515 749 288 456 292 0 31 467 576 249344
Counters: 5116 1907 29 172 1515 749 288 456 292 0 31 467 576 249344
Counters: 5268 1947 31 184 1564 795 288 460 308 0 33 498 640 250368
Counters: 5116 1907 29 172 1515 749 288 456 292 0 31 467 576 248256
Counters: 5116 1907 29 172 1515 749 288 456 292 0 31 467 576 249344
Counters: 5116 1907 29 172 1515 749 288 456 292 0 31 467 576 249344
Counters: 5116 1907 29 172 1515 749 288 456 292 0 31 467 576 249344
Counters: 5116 1907 29 172 1515 749 288 456 292 0 31 467 576 249344
Counters: 2134 564 28 171 692 647 0 58 228 0 31 467 576 249344
Counters: 5116 1907 29 172 1515 749 288 456 292 0 31 467 576 249344
Counters: 5188 1926 29 176 1537 770 288 458 299 0 32 490 640 250496
Counters: 5196 1928 31 180 1542 774 288 458 301 0 32 475 576 248128
Counters: 5085 1896 31 174 1543 802 292 460 292 0 30 459 576 249344
Counters: 5447 2050 101 193 2431 1432 356 654 375 0 32 475 576 249344
Counters: 5116 1907 29 172 1515 749 288 456 292 0 31 467 576 249344
Counters: 5116 1907 29 172 1515 749 288 456 292 0 31 467 576 249344
Counters: 2134 564 28 171 692 647 0 58 228 0 31 467 576 249344
Counters: 5116 1907 29 172 1515 749 288 456 292 0 31 467 576 249344
Counters: 5116 1907 29 172 1515 749 288 456 292 0 31 467 576 249664
Counters: 5116 1907 29 172 1515 749 288 456 292 0 31 467 576 249024
Counters: 5116 1907 29 172 1515 749 288 456 292 0 31 467 576 249344
Counters: 5116 1907 29 172 1515 749 288 456 292 0 31 467 576 249344
Counters: 5268 1947 31 184 1564 795 288 460 308 0 33 498 640 250368
Counters: 5085 1896 31 174 1543 802 292 460 292 0 30 459 576 248320
Counters: 4812 1753 102 195 2290 1485 288 556 359 0 31 467 576 249344
Counters: 3069 994 101 192 1777 1330 140 358 327 0 32 475 576 249344
Counters: 5116 1907 29 172 1515 749 288 456 292 0 31 467 576 249344
Counters: 5116 1907 29 172 1515 749 288 456 292 0 31 467 576 249344
Counters: 5116 1907 29 172 1515 749 288 456 292 0 31 467 576 249344
Counters: 5116 1907 29 172 1515 749 288 456 292 0 31 467 576 249344
Counters: 5116 1907 29 172 1515 749 288 456 292 0 31 467 576 249344
Counters: 5188 1926 29 176 1537 770 288 458 299 0 32 490 640 249472
Counters: 5196 1928 31 180 1542 774 288 458 301 0 32 475 576 249472
Counters: 2134 564 28 171 692 647 0 58 228 0 31 467 576 249024
Counters: 5116 1907 29 172 1515 749 288 456 292 0 31 467 576 249344
Counters: 5116 1907 29 172 1515 749 288 456 292 0 31 467 576 249344
Counters: 5116 1907 29 172 1515 749 288 456 292 0 31 467 576 249344
Counters: 5116 1907 29 172 1515 749 288 456 292 0 31 467 576 249344
Counters: 5116 1907 29 172 1515 749 288 456 292 0 31 467 576 249344
Counters: 5116 1907 29 172 1515 749 288 456 292 0 31 467 576 249344
Counters: 15961 5958 56 753 3186 793 62 92 906 0 30 444 576 249344
Counters: 128112 50147 74 5582 23177 739 72 204 5643 0 3 33 0 249920
Counters: 126787 49628 74 5526 22947 739 72 204 5587 0 3 33 0 249920
Counters: 126791 49631 74 5525 22948 739 72 204 5586 0 3 33 0 249920
Counters: 126786 49629 74 5525 22947 739 72 204 5586 0 3 33 0 249920
Counters: 126791 49630 74 5526 22947 739 72 204 5587 0 3 33 0 249920
