Counters: 13047 3978 2299 1350 17805 14017 1416 3836 3179 0 172 2621 3456 249344
Counters: 7466 2306 1501 993 9581 7493 805 2149 2176 0 141 2184 2880 246784
Counters: 7722 2402 1558 1020 10135 7923 851 2264 2250 0 143 2200 2880 246848
Counters: 8191 2633 1680 1039 11882 9284 980 2648 2370 0 140 2161 2816 247872
Counters: 9140 3036 1911 1137 14864 11615 1209 3265 2649 0 141 2184 2880 246720
Counters: 7041 2120 1397 947 8090 6324 692 1848 2049 0 142 2192 2880 246848
Counters: 7127 2169 1419 948 8527 6666 724 1938 2069 0 140 2161 2816 247680
Counters: 8202 2601 1675 1072 11653 9113 967 2571 2394 0 143 2200 2880 247040
Counters: 7507 2319 1508 995 9588 7496 808 2153 2185 0 142 2192 2880 246976
Counters: 8172 2592 1671 1075 11654 9116 965 2571 2391 0 143 2215 2880 246336
Counters: 7660 2384 1545 1009 10100 7896 847 2254 2228 0 141 2169 2816 247424
Counters: 7530 2325 1513 1004 9647 7542 812 2160 2196 0 142 2192 2880 247808
Counters: 8355 2705 1720 1056 12366 9659 1017 2756 2418 0 141 2184 2880 246720
Counters: 6867 2052 1355 921 7525 5879 648 1743 1993 0 142 2192 2880 247104
Counters: 8219 2605 1681 1079 11670 9128 968 2575 2404 0 144 2223 2880 246464
Counters: 7520 2323 1510 1001 9634 7569 811 2157 2188 0 142 2192 2880 246720
Counters: 7532 2320 1518 1005 9622 7520 809 2157 2203 0 144 2223 2880 247040
Counters: 7586 2337 1528 1014 9683 7543 816 2166 2219 0 142 2192 2880 247616
Counters: 7195 2185 1432 964 8596 6721 732 1948 2094 0 142 2192 2880 246848
Counters: 7255 2199 1448 972 8604 6729 732 1956 2117 0 144 2223 2880 247232
Counters: 7804 2452 1582 1014 10499 8204 876 2356 2266 0 143 2200 2880 246464
Counters: 7851 2467 1592 1018 10519 8216 879 2364 2278 0 142 2192 2880 247744
Counters: 8256 2652 1693 1050 11920 9311 984 2661 2392 0 142 2192 2880 247552
Counters: 7469 2307 1501 993 9580 7493 805 2148 2177 0 141 2184 2880 246528
Counters: 7329 2251 1467 964 8989 7023 760 2048 2126 0 142 2192 2880 246464
Counters: 7687 2368 1534 1011 9632 7529 812 2174 2222 0 146 2254 2944 247872
Counters: 8214 2604 1678 1077 11661 9119 968 2575 2400 0 144 2223 2880 247488
Counters: 7041 2123 1395 947 8090 6324 692 1848 2049 0 142 2192 2880 245824
Counters: 7401 2264 1482 984 9106 7120 771 2056 2156 0 143 2200 2880 246976
Counters: 8054 2571 1644 1034 11455 8952 948 2550 2335 0 140 2161 2816 247296
Counters: 7780 2440 1577 1024 10561 8293 881 2355 2265 0 141 2184 2880 247488
Counters: 8581 2785 1772 1087 12964 10096 1064 2864 2492 0 142 2192 2880 246464
Counters: 7494 2314 1505 990 9579 7490 807 2148 2179 0 141 2169 2816 247488
Counters: 6743 1989 1325 923 7116 5564 617 1648 1967 0 143 2215 2880 246656
Counters: 6930 2073 1360 943 7612 5938 650 1755 2022 2 144 2223 2880 247040
Counters: 8007 2528 1631 1037 11032 8623 919 2461 2327 0 143 2200 2880 247936
Counters: 8405 2707 1729 1087 12548 9841 1033 2763 2447 0 141 2184 2880 246720
Counters: 7438 2300 1495 977 9517 7413 800 2138 2162 0 141 2169 2816 246528
Counters: 7174 2181 1434 966 8597 6747 732 1953 2095 0 141 2184 2880 247104
Counters: 8079 2543 1639 1057 11145 8718 928 2472 2350 0 144 2223 2880 248320
Counters: 8732 2847 1809 1106 13501 10525 1107 2960 2538 0 141 2169 2816 245760
Counters: 7144 2174 1424 955 8547 6681 725 1945 2078 0 141 2184 2880 247104
Counters: 8043 2539 1638 1051 11100 8675 924 2473 2344 0 144 2223 2880 247040
Counters: 7376 2254 1475 992 9170 7173 776 2055 2154 0 142 2192 2880 247040
Counters: 7099 2135 1407 958 8154 6373 699 1857 2068 0 143 2200 2880 248192
Counters: 7941 2505 1616 1043 11087 8674 921 2453 2317 0 142 2192 2880 245888
Counters: 7548 2332 1517 994 9572 7480 807 2159 2194 0 142 2192 2880 247232
Counters: 7989 2520 1625 1047 11108 8686 924 2462 2329 0 142 2192 2880 247808
Counters: 8572 2776 1769 1107 13069 10256 1073 2867 2500 0 141 2184 2880 246784
Counters: 7512 2320 1513 994 9571 7448 805 2154 2189 0 143 2215 2880 247552
Counters: 7872 2466 1597 1032 10608 8292 887 2365 2292 0 143 2200 2880 245952
Counters: 7475 2313 1504 976 9458 7392 796 2145 2168 0 142 2192 2880 247680
Counters: 7581 2368 1531 989 9978 7800 836 2240 2198 0 140 2161 2816 247424
Counters: 8301 2652 1700 1080 12135 9491 1003 2664 2421 0 141 2169 2816 246592
Counters: 7524 2320 1513 1002 9604 7511 809 2156 2195 0 143 2215 2880 247424
Counters: 8329 2656 1706 1094 12189 9569 1008 2672 2435 0 142 2192 2880 246592
Counters: 8917 2919 1853 1134 14038 10979 1148 3071 2598 0 142 2192 2880 247296
Counters: 8581 2785 1772 1093 12996 10151 1068 2866 2491 0 142 2192 2880 246464
Counters: 7500 2315 1508 988 9552 7441 804 2147 2184 0 144 2223 2880 247040
Counters: 7443 2273 1492 1006 9214 7209 780 2065 2181 0 143 2200 2880 247040
Counters: 7460 2312 1499 969 9443 7377 795 2143 2158 0 140 2161 2816 247296
Counters: 7137 2172 1421 953 8532 6671 725 1940 2075 0 141 2184 2880 248064
Counters: 7350 2251 1473 978 9078 7099 768 2049 2140 0 142 2192 2880 246720
Counters: 6971 2102 1382 931 8017 6268 684 1835 2024 0 141 2169 2816 246272
Counters: 7712 2405 1556 1013 10091 7885 847 2264 2243 0 142 2192 2880 247488
Counters: 8189 2597 1679 1080 11634 9100 963 2577 2400 0 145 2261 2944 247424
Counters: 7714 2408 1557 996 10001 7809 841 2260 2231 0 143 2185 2880 246912
Counters: 7587 2365 1531 991 9986 7808 836 2240 2202 0 140 2161 2816 246592
Counters: 7587 2369 1532 991 9988 7809 836 2241 2202 0 141 2184 2880 246912
Counters: 7129 2141 1418 968 8154 6375 697 1865 2086 0 144 2223 2880 247616
Counters: 7333 2248 1467 971 9061 7084 767 2045 2130 0 141 2169 2816 246912
Counters: 7989 2520 1625 1047 11108 8686 924 2462 2329 0 142 2192 2880 247552
Counters: 8572 2776 1770 1107 13069 10256 1073 2867 2500 0 141 2184 2880 246784
Counters: 7973 2518 1626 1037 11034 8592 917 2458 2322 0 143 2215 2880 247552
Counters: 7530 2331 1514 985 9517 7434 803 2156 2183 0 143 2200 2880 247296
Counters: 7262 2200 1448 977 8640 6757 736 1958 2120 0 144 2223 2880 246080
Counters: 7476 2284 1498 1002 9186 7183 779 2069 2185 0 145 2231 2944 247808
Counters: 7435 2270 1476 986 9111 7130 769 2053 2151 0 144 2223 2880 245888
Counters: 7195 2185 1438 980 8691 6820 740 1963 2109 0 141 2184 2880 248192
Counters: 7421 2273 1478 974 9062 7056 767 2051 2147 0 143 2200 2880 246656
Counters: 7974 2516 1624 1040 11059 8648 920 2457 2322 0 143 2215 2880 246400
Counters: 6958 2068 1375 949 7660 5991 660 1756 2034 0 143 2200 2880 247680
Counters: 7521 2322 1516 999 9580 7492 805 2157 2195 0 145 2246 2944 246336
Counters: 7913 2482 1607 1030 10555 8244 883 2374 2301 0 143 2200 2880 247232
Counters: 7526 2317 1515 1004 9610 7520 809 2153 2199 0 143 2215 2880 248192
Counters: 7848 2466 1592 1018 10517 8217 879 2361 2278 0 143 2200 2880 245760
Counters: 7946 2509 1616 1043 11091 8673 921 2458 2317 0 141 2184 2880 247104
Counters: 7631 2349 1524 1009 9643 7570 812 2167 2209 0 144 2223 2880 247872
Counters: 7648 2381 1548 1008 10064 7867 844 2255 2230 0 142 2192 2880 246208
Counters: 7724 2402 1554 1005 10049 7828 843 2254 2238 0 143 2200 2880 247040
Counters: 8904 2921 1852 1126 13951 10937 1141 3077 2587 0 143 2215 2880 247808
Counters: 8552 2779 1769 1073 12869 10021 1056 2855 2478 0 142 2192 2880 246336
Counters: 6742 2017 1341 916 7548 5897 651 1732 1974 0 139 2138 2816 247552
Counters: 7906 2471 1592 1036 10618 8335 885 2365 2288 0 143 2215 2880 247744
Counters: 7237 2198 1441 962 8579 6679 731 1948 2105 0 144 2223 2880 245952
Counters: 7494 2286 1505 1010 9204 7199 780 2073 2196 0 146 2254 2944 248192
Counters: 8745 2824 1809 1134 13171 10298 1084 2893 2560 0 145 2231 2944 246912
Counters: 7151 2174 1423 960 8579 6709 729 1943 2082 0 141 2184 2880 246016
Counters: 8439 2718 1740 1083 12497 9770 1029 2766 2457 0 143 2215 2880 246912
Counters: 7353 2231 1453 968 8586 6711 731 1962 2119 0 145 2231 2944 247296
Counters: 7657 2384 1548 1004 10033 7845 840 2252 2228 0 144 2223 2880 246720
Counters: 8595 2754 1771 1122 12698 9929 1048 2792 2518 0 144 2223 2880 247872
Counters: 7482 2312 1503 983 9533 7453 803 2145 2172 0 141 2169 2816 246400
Counters: 7535 2321 1515 1007 9649 7581 812 2159 2198 0 143 2215 2880 246848
Counters: 8197 2600 1677 1069 11617 9050 964 2570 2395 0 143 2200 2880 248192
Counters: 7385 2254 1478 997 9175 7179 777 2056 2160 0 143 2215 2880 246208
Counters: 7941 2480 1602 1042 10639 8352 888 2369 2304 0 144 2223 2880 247296
Counters: 7728 2402 1559 1012 10065 7841 844 2259 2247 0 144 2223 2880 246464
Counters: 7258 2201 1446 975 8632 6748 736 1959 2116 0 144 2223 2880 247360
Counters: 7637 2378 1542 997 10013 7829 839 2246 2218 0 141 2169 2816 246912
Counters: 7587 2369 1533 991 9988 7809 836 2241 2202 0 141 2184 2880 246912
Counters: 6805 2001 1340 935 7147 5591 621 1654 1991 0 144 2223 2880 247360
Counters: 7338 2248 1469 973 9070 7093 767 2045 2134 0 141 2169 2816 247168
Counters: 8150 2588 1664 1067 11625 9093 964 2564 2379 0 142 2192 2880 247552
Counters: 7812 2561 1617 1002 12221 9545 996 2679 2273 0 126 1974 2560 246464
Counters: 6 4 0 3 6 3 0 2 4 0 2 22 0 249920
Counters: 6 4 0 3 6 3 0 2 4 0 2 22 0 249920
Counters: 6 4 0 3 6 3 0 2 4 0 2 22 0 249920
Counters: 6 4 0 3 6 3 0 2 4 0 2 22 0 249920
Counters: 6 4 0 3 6 3 0 2 4 0 2 22 0 249920
