Counters: 296 49 49 54 261 238 8 18 62 0 5 55 64 985216
Counters: 482 155 23 89 133 77 293 41 294 15 0 0 0 1000000
Counters: 296 49 49 54 261 238 8 18 62 0 5 55 64 985408
Counters: 482 155 23 91 132 78 293 41 296 15 0 0 0 1000000
Counters: 480 155 23 91 132 78 293 41 296 15 0 0 0 1000000
Counters: 478 155 23 91 132 78 293 41 296 15 0 0 0 1000000
Counters: 478 155 23 91 132 78 293 41 296 15 0 0 0 1000000
Counters: 478 155 23 91 132 78 293 41 296 15 0 0 0 1000000
Counters: 478 155 23 91 132 78 293 41 296 15 0 0 0 1000000
Counters: 478 155 23 91 132 78 293 41 296 15 0 0 0 1000000
Counters: 478 155 23 91 132 78 293 41 296 15 0 0 0 1000000
Counters: 478 155 23 91 132 78 293 41 296 15 0 0 0 1000000
Counters: 478 155 23 91 132 78 293 41 296 15 0 0 0 1000000
Counters: 478 155 23 91 132 78 293 41 296 15 0 0 0 1000000
Counters: 478 155 23 91 132 78 293 41 296 15 0 0 0 1000000
Counters: 478 155 23 91 132 78 293 41 296 15 0 0 0 1000000
Counters: 478 155 23 91 132 78 293 41 296 15 0 0 0 1000000
Counters: 478 155 23 91 132 78 293 41 296 15 0 0 0 1000000
Counters: 478 155 23 91 132 78 293 41 296 15 0 0 0 1000000
Counters: 478 155 23 91 132 78 293 41 296 15 0 0 0 1000000
Counters: 478 155 23 91 132 78 293 41 296 15 0 0 0 1000000
Counters: 478 155 23 91 132 78 293 41 296 15 0 0 0 1000000
Counters: 478 155 23 91 132 78 293 41 296 15 0 0 0 1000000
Counters: 478 155 23 91 132 78 293 41 296 15 0 0 0 1000000
Counters: 478 155 23 91 132 78 293 41 296 15 0 0 0 1000000
Counters: 478 155 23 91 132 78 293 41 296 15 0 0 0 1000000
Counters: 478 155 23 91 132 78 293 41 296 15 0 0 0 1000000
Counters: 478 155 23 91 132 78 293 41 296 15 0 0 0 1000000
Counters: 478 155 23 91 132 78 293 41 296 15 0 0 0 1000000
Counters: 478 155 23 91 132 78 293 41 296 15 0 0 0 1000000
Counters: 478 155 23 91 132 78 293 41 296 15 0 0 0 1000000
Counters: 478 155 23 91 132 78 293 41 296 15 0 0 0 1000000
Counters: 478 155 23 91 132 78 293 41 296 15 0 0 0 1000000
Counters: 478 155 23 91 132 78 293 41 296 15 0 0 0 1000000
Counters: 478 155 23 91 132 78 293 41 296 15 0 0 0 1000000
Counters: 478 155 23 91 132 78 293 41 296 15 0 0 0 1000000
Counters: 478 155 23 91 132 78 293 41 296 15 0 0 0 1000000
Counters: 296 49 49 54 261 238 8 18 62 0 5 55 64 985408
Counters: 296 49 49 54 261 238 8 18 62 0 5 55 64 985408
Counters: 482 155 23 91 132 78 293 41 296 15 0 0 0 1000000
Counters: 480 155 23 91 132 78 293 41 296 15 0 0 0 1000000
Counters: 478 155 23 91 132 78 293 41 296 15 0 0 0 1000000
Counters: 478 155 23 91 132 78 293 41 296 15 0 0 0 1000000
Counters: 2099 741 229 93 930 683 202 145 602 0 5 55 64 985408
Counters: 494 159 23 91 132 78 297 43 300 15 0 0 0 1000000
Counters: 480 155 23 91 132 78 293 41 296 15 0 0 0 1000000
Counters: 478 155 23 91 132 78 293 41 296 15 0 0 0 1000000
Counters: 478 155 23 91 132 78 293 41 296 15 0 0 0 1000000
Counters: 478 155 23 91 132 78 293 41 296 15 0 0 0 1000000
Counters: 478 155 23 91 132 78 293 41 296 15 0 0 0 1000000
Counters: 478 155 23 91 132 78 293 41 296 15 0 0 0 1000000
Counters: 2099 741 229 93 930 683 202 145 602 0 5 55 64 985152
Counters: 3257 1185 349 121 1370 979 326 227 956 0 5 55 64 980096
Counters: 489 161 23 91 132 78 299 44 302 15 0 0 0 1000000
Counters: 482 155 23 91 132 78 293 41 296 15 0 0 0 1000000
Counters: 480 155 23 91 132 78 293 41 296 15 0 0 0 1000000
Counters: 478 155 23 91 132 78 293 41 296 15 0 0 0 1000000
Counters: 478 155 23 91 132 78 293 41 296 15 0 0 0 1000000
Counters: 478 155 23 91 132 78 293 41 296 15 0 0 0 1000000
Counters: 478 155 23 91 132 78 293 41 296 15 0 0 0 1000000
Counters: 478 155 23 91 132 78 293 41 296 15 0 0 0 1000000
Counters: 478 155 23 91 132 78 293 41 296 15 0 0 0 1000000
Counters: 478 155 23 91 132 78 293 41 296 15 0 0 0 1000000
Counters: 478 155 23 91 132 78 293 41 296 15 0 0 0 1000000
Counters: 478 155 23 91 132 78 293 41 296 15 0 0 0 1000000
Counters: 478 155 23 91 132 78 293 41 296 15 0 0 0 1000000
Counters: 478 155 23 91 132 78 293 41 296 15 0 0 0 1000000
Counters: 1454 493 169 82 701 534 132 100 416 0 5 55 64 980096
Counters: 1454 493 169 82 701 534 132 100 416 0 5 55 64 980096
Counters: 493 157 23 91 132 78 295 42 298 15 0 0 0 1000000
Counters: 482 155 23 91 132 78 293 41 296 15 0 0 0 1000000
Counters: 480 155 23 91 132 78 293 41 296 15 0 0 0 1000000
Counters: 1454 493 169 82 701 534 132 100 416 0 5 55 64 980096
Counters: 493 157 23 91 132 78 295 42 298 15 0 0 0 1000000
Counters: 482 155 23 91 132 78 293 41 296 15 0 0 0 1000000
Counters: 480 155 23 91 132 78 293 41 296 15 0 0 0 1000000
Counters: 478 155 23 91 132 78 293 41 296 15 0 0 0 1000000
