Counters: 296 49 49 54 261 238 8 18 62 0 4 47 64 980096
Counters: 486 155 23 89 133 77 293 41 294 15 0 0 0 1000000
Counters: 296 49 49 54 261 238 8 18 62 0 4 47 64 980096
Counters: 486 155 23 91 132 78 293 41 296 15 0 0 0 1000000
Counters: 486 155 23 91 132 78 293 41 296 15 0 0 0 1000000
Counters: 486 155 23 91 132 78 293 41 296 15 0 0 0 1000000
Counters: 486 155 23 91 132 78 293 41 296 15 0 0 0 1000000
Counters: 486 155 23 91 132 78 293 41 296 15 0 0 0 1000000
Counters: 486 155 23 91 132 78 293 41 296 15 0 0 0 1000000
Counters: 486 155 23 91 132 78 293 41 296 15 0 0 0 1000000
Counters: 486 155 23 91 132 78 293 41 296 15 0 0 0 1000000
Counters: 486 155 23 91 132 78 293 41 296 15 0 0 0 1000000
Counters: 486 155 23 91 132 78 293 41 296 15 0 0 0 1000000
Counters: 486 155 23 91 132 78 293 41 296 15 0 0 0 1000000
Counters: 486 155 23 91 132 78 293 41 296 15 0 0 0 1000000
Counters: 486 155 23 91 132 78 293 41 296 15 0 0 0 1000000
Counters: 486 155 23 91 132 78 293 41 296 15 0 0 0 1000000
Counters: 486 155 23 91 132 78 293 41 296 15 0 0 0 1000000
Counters: 486 155 23 91 132 78 293 41 296 15 0 0 0 1000000
Counters: 486 155 23 91 132 78 293 41 296 15 0 0 0 1000000
Counters: 486 155 23 91 132 78 293 41 296 15 0 0 0 1000000
Counters: 486 155 23 91 132 78 293 41 296 15 0 0 0 1000000
Counters: 486 155 23 91 132 78 293 41 296 15 0 0 0 1000000
Counters: 486 155 23 91 132 78 293 41 296 15 0 0 0 1000000
Counters: 486 155 23 91 132 78 293 41 296 15 0 0 0 1000000
Counters: 486 155 23 91 132 78 293 41 296 15 0 0 0 1000000
Counters: 486 155 23 91 132 78 293 41 296 15 0 0 0 1000000
Counters: 486 155 23 91 132 78 293 41 296 15 0 0 0 1000000
Counters: 486 155 23 91 132 78 293 41 296 15 0 0 0 1000000
Counters: 486 155 23 91 132 78 293 41 296 15 0 0 0 1000000
Counters: 486 155 23 91 132 78 293 41 296 15 0 0 0 1000000
Counters: 486 155 23 91 132 78 293 41 296 15 0 0 0 1000000
Counters: 486 155 23 91 132 78 293 41 296 15 0 0 0 1000000
Counters: 486 155 23 91 132 78 293 41 296 15 0 0 0 1000000
Counters: 486 155 23 91 132 78 293 41 296 15 0 0 0 1000000
Counters: 486 155 23 91 132 78 293 41 296 15 0 0 0 1000000
Counters: 486 155 23 91 132 78 293 41 296 15 0 0 0 1000000
