Counters: 666 230 88 46 345 257 66 50 211 0 1 8 0 980160
Counters: 486 155 23 91 132 78 293 41 296 15 0 0 0 1000000
Counters: 486 155 23 91 132 78 293 41 296 15 0 0 0 1000000
Counters: 486 155 23 91 132 78 293 41 296 15 0 0 0 1000000
Counters: 486 155 23 91 132 78 293 41 296 15 0 0 0 1000000
Counters: 486 155 23 91 132 78 293 41 296 15 0 0 0 1000000
Counters: 486 155 23 91 132 78 293 41 296 15 0 0 0 1000000
Counters: 486 155 23 91 132 78 293 41 296 15 0 0 0 1000000
Counters: 486 155 23 91 132 78 293 41 296 15 0 0 0 1000000
Counters: 486 155 23 91 132 78 293 41 296 15 0 0 0 1000000
Counters: 486 155 23 91 132 78 293 41 296 15 0 0 0 1000000
Counters: 486 155 23 91 132 78 293 41 296 15 0 0 0 1000000
Counters: 486 155 23 91 132 78 293 41 296 15 0 0 0 1000000
Counters: 486 155 23 91 132 78 293 41 296 15 0 0 0 1000000
Counters: 486 155 23 91 132 78 293 41 296 15 0 0 0 1000000
Counters: 666 230 88 46 345 257 66 50 211 0 1 8 0 980160
Counters: 666 230 88 46 345 257 66 50 211 0 1 8 0 980160
Counters: 486 155 23 91 132 78 293 41 296 15 0 0 0 1000000
Counters: 486 155 23 91 132 78 293 41 296 15 0 0 0 1000000
Counters: 486 155 23 91 132 78 293 41 296 15 0 0 0 1000000
Counters: 666 230 88 46 345 257 66 50 211 0 1 8 0 980160
Counters: 486 155 23 91 132 78 293 41 296 15 0 0 0 1000000
Counters: 486 155 23 91 132 78 293 41 296 15 0 0 0 1000000
Counters: 486 155 23 91 132 78 293 41 296 15 0 0 0 1000000
Counters: 486 155 23 91 132 78 293 41 296 15 0 0 0 1000000
Counters: 105 10 32 37 160 142 6 10 37 0 1 8 0 980160
