Counters: 36 9 3 9 15 9 0 1 4 0 0 0 0 252160
Counters: 6 4 0 3 6 3 0 2 4 0 1 11 0 249984
Counters: 6 4 0 3 6 3 0 2 4 0 1 11 0 249984
Counters: 6 4 0 3 6 3 0 2 4 0 1 11 0 249984
Counters: 6 4 0 3 6 3 0 2 4 0 1 11 0 249984
Counters: 6 4 0 3 6 3 0 2 4 0 1 11 0 249984
Counters: 6 4 0 3 6 3 0 2 4 0 1 11 0 249984
Counters: 6 4 0 3 6 3 0 2 4 0 1 11 0 249984
Counters: 6 4 0 3 6 3 0 2 4 0 1 11 0 249984
Counters: 6 4 0 3 6 3 0 2 4 0 1 11 0 249984
Counters: 6 4 0 3 6 3 0 2 4 0 1 11 0 249984
Counters: 6 4 0 3 6 3 0 2 4 0 1 11 0 249984
Counters: 6 4 0 3 6 3 0 2 4 0 1 11 0 249984
Counters: 6 4 0 3 6 3 0 2 4 0 1 11 0 249984
Counters: 6 4 0 3 6 3 0 2 4 0 1 11 0 249984
Counters: 6 4 0 3 6 3 0 2 4 0 1 11 0 249984
Counters: 6 4 0 3 6 3 0 2 4 0 1 11 0 249984
Counters: 6 4 0 3 6 3 0 2 4 0 1 11 0 249984
Counters: 6 4 0 3 6 3 0 2 4 0 1 11 0 249984
Counters: 6 4 0 3 6 3 0 2 4 0 1 11 0 249984
Counters: 6 4 0 3 6 3 0 2 4 0 1 11 0 249984
Counters: 6 4 0 3 6 3 0 2 4 0 1 11 0 249984
Counters: 6 4 0 3 6 3 0 2 4 0 1 11 0 249984
Counters: 6 4 0 3 6 3 0 2 4 0 1 11 0 249984
Counters: 6 4 0 3 6 3 0 2 4 0 1 11 0 249984
Counters: 6 4 0 3 6 3 0 2 4 0 1 11 0 249984
Counters: 6 4 0 3 6 3 0 2 4 0 1 11 0 249984
Counters: 6 4 0 3 6 3 0 2 4 0 1 11 0 249984
Counters: 6 4 0 3 6 3 0 2 4 0 1 11 0 249984
Counters: 6 4 0 3 6 3 0 2 4 0 1 11 0 249984
Counters: 6 4 0 3 6 3 0 2 4 0 1 11 0 249984
Counters: 6 4 0 3 6 3 0 2 4 0 1 11 0 249984
Counters: 6 4 0 3 6 3 0 2 4 0 1 11 0 249984
Counters: 6 4 0 3 6 3 0 2 4 0 1 11 0 249984
Counters: 6 4 0 3 6 3 0 2 4 0 1 11 0 249984
Counters: 6 4 0 3 6 3 0 2 4 0 1 11 0 249984
Counters: 6 4 0 3 6 3 0 2 4 0 1 11 0 249984
Counters: 6 4 0 3 6 3 0 2 4 0 1 11 0 249984
Counters: 6 4 0 3 6 3 0 2 4 0 1 11 0 249984
Counters: 6 4 0 3 6 3 0 2 4 0 1 11 0 249984
Counters: 6 4 0 3 6 3 0 2 4 0 1 11 0 249984
Counters: 6 4 0 3 6 3 0 2 4 0 1 11 0 249984
Counters: 6 4 0 3 6 3 0 2 4 0 1 11 0 249984
Counters: 6 4 0 3 6 3 0 2 4 0 1 11 0 249984
Counters: 6 4 0 3 6 3 0 2 4 0 1 11 0 249984
Counters: 6 4 0 3 6 3 0 2 4 0 1 11 0 249984
Counters: 6 4 0 3 6 3 0 2 4 0 1 11 0 249984
Counters: 6 4 0 3 6 3 0 2 4 0 1 11 0 249984
Counters: 6 4 0 3 6 3 0 2 4 0 1 11 0 249984
Counters: 6 4 0 3 6 3 0 2 4 0 1 11 0 249984
Counters: 6 4 0 3 6 3 0 2 4 0 1 11 0 249984
Counters: 6 4 0 3 6 3 0 2 4 0 1 11 0 249984
Counters: 6 4 0 3 6 3 0 2 4 0 1 11 0 249984
Counters: 6 4 0 3 6 3 0 2 4 0 1 11 0 249984
Counters: 6 4 0 3 6 3 0 2 4 0 1 11 0 249984
Counters: 6 4 0 3 6 3 0 2 4 0 1 11 0 249984
Counters: 6 4 0 3 6 3 0 2 4 0 1 11 0 249984
Counters: 6 4 0 3 6 3 0 2 4 0 1 11 0 249984
Counters: 6 4 0 3 6 3 0 2 4 0 1 11 0 249984
Counters: 6 4 0 3 6 3 0 2 4 0 1 11 0 249984
Counters: 6 4 0 3 6 3 0 2 4 0 1 11 0 249984
Counters: 6 4 0 3 6 3 0 2 4 0 1 11 0 249984
Counters: 6 4 0 3 6 3 0 2 4 0 1 11 0 249984
Counters: 6 4 0 3 6 3 0 2 4 0 1 11 0 249984
Counters: 6 4 0 3 6 3 0 2 4 0 1 11 0 249984
Counters: 6 4 0 3 6 3 0 2 4 0 1 11 0 249984
Counters: 6 4 0 3 6 3 0 2 4 0 1 11 0 249984
Counters: 6 4 0 3 6 3 0 2 4 0 1 11 0 249984
Counters: 6 4 0 3 6 3 0 2 4 0 1 11 0 249984
Counters: 6 4 0 3 6 3 0 2 4 0 1 11 0 249984
Counters: 6 4 0 3 6 3 0 2 4 0 1 11 0 249984
Counters: 6 4 0 3 6 3 0 2 4 0 1 11 0 249984
Counters: 6 4 0 3 6 3 0 2 4 0 1 11 0 249984
Counters: 6 4 0 3 6 3 0 2 4 0 1 11 0 249984
Counters: 6 4 0 3 6 3 0 2 4 0 1 11 0 249984
Counters: 6 4 0 3 6 3 0 2 4 0 1 11 0 249984
Counters: 6 4 0 3 6 3 0 2 4 0 1 11 0 249984
Counters: 6 4 0 3 6 3 0 2 4 0 1 11 0 249984
Counters: 6 4 0 3 6 3 0 2 4 0 1 11 0 249984
Counters: 6 4 0 3 6 3 0 2 4 0 1 11 0 249984
Counters: 6 4 0 3 6 3 0 2 4 0 1 11 0 249984
Counters: 6 4 0 3 6 3 0 2 4 0 1 11 0 249984
Counters: 6 4 0 3 6 3 0 2 4 0 1 11 0 249984
Counters: 6 4 0 3 6 3 0 2 4 0 1 11 0 249984
Counters: 6 4 0 3 6 3 0 2 4 0 1 11 0 249984
Counters: 6 4 0 3 6 3 0 2 4 0 1 11 0 249984
Counters: 6 4 0 3 6 3 0 2 4 0 1 11 0 249984
Counters: 6 4 0 3 6 3 0 2 4 0 1 11 0 249984
Counters: 6 4 0 3 6 3 0 2 4 0 1 11 0 249984
Counters: 6 4 0 3 6 3 0 2 4 0 1 11 0 249984
Counters: 6 4 0 3 6 3 0 2 4 0 1 11 0 249984
Counters: 6 4 0 3 6 3 0 2 4 0 1 11 0 249984
Counters: 6 4 0 3 6 3 0 2 4 0 1 11 0 249984
Counters: 6 4 0 3 6 3 0 2 4 0 1 11 0 249984
Counters: 6 4 0 3 6 3 0 2 4 0 1 11 0 249984
Counters: 6 4 0 3 6 3 0 2 4 0 1 11 0 249984
Counters: 6 4 0 3 6 3 0 2 4 0 1 11 0 249984
Counters: 6 4 0 3 6 3 0 2 4 0 1 11 0 249984
Counters: 6 4 0 3 6 3 0 2 4 0 1 11 0 249984
Counters: 6 4 0 3 6 3 0 2 4 0 1 11 0 249984
Counters: 6 4 0 3 6 3 0 2 4 0 1 11 0 249984
Counters: 6 4 0 3 6 3 0 2 4 0 1 11 0 249984
Counters: 6 4 0 3 6 3 0 2 4 0 1 11 0 249984
Counters: 6 4 0 3 6 3 0 2 4 0 1 11 0 249984
Counters: 6 4 0 3 6 3 0 2 4 0 1 11 0 249984
Counters: 6 4 0 3 6 3 0 2 4 0 1 11 0 249984
Counters: 6 4 0 3 6 3 0 2 4 0 1 11 0 249984
Counters: 6 4 0 3 6 3 0 2 4 0 1 11 0 249984
Counters: 6 4 0 3 6 3 0 2 4 0 1 11 0 249984
Counters: 6 4 0 3 6 3 0 2 4 0 1 11 0 249984
Counters: 6 4 0 3 6 3 0 2 4 0 1 11 0 249984
Counters: 6 4 0 3 6 3 0 2 4 0 1 11 0 249984
Counters: 6 4 0 3 6 3 0 2 4 0 1 11 0 249984
Counters: 6 4 0 3 6 3 0 2 4 0 1 11 0 249984
Counters: 6 4 0 3 6 3 0 2 4 0 3 89 64 249856
Counters: 6 4 0 3 6 3 0 2 4 0 1 11 0 249984
Counters: 6 4 0 3 6 3 0 2 4 0 1 11 0 249984
Counters: 6 4 0 3 6 3 0 2 4 0 1 11 0 249984
Counters: 6 4 0 3 6 3 0 2 4 0 1 11 0 249984
Counters: 6 4 0 3 6 3 0 2 4 0 1 11 0 249984
