Power: 0.665312 0.434625 0.385000 0.649438 0.049500 0.403500 0.474062 0.391500 0.049500 0.536750 0.455875 0.346313 0.049500 0.342750 0.348875 0.368188 
Tsteady: 349.772989 348.255196 347.086537 346.806776 340.802512 343.476455 345.200502 345.030888 340.236146 343.449573 342.848100 340.817987 337.096681 339.291303 340.397662 340.768995 
Temperatures: 319.415803 319.039777 318.952599 319.373365 318.348278 318.950792 319.086338 318.944676 318.348288 319.159127 319.040146 318.851751 318.389739 318.892725 318.921656 318.946637 
Power: 0.274625 0.421563 0.193188 1.277875 0.001813 0.350000 0.150750 0.121313 0.001813 0.950313 0.161812 0.121313 0.001813 0.001813 0.128750 0.128750 
Tsteady: 341.000099 344.104921 343.122546 348.820014 336.536891 334.605105 331.593799 330.243288 336.289780 343.000333 338.021142 336.473980 331.530455 329.547649 329.047661 328.533101 
Temperatures: 319.887973 319.912039 319.465938 321.550199 318.586409 319.585687 319.392201 319.220296 318.566111 320.741739 319.378998 319.164681 318.525334 318.927316 319.181471 319.195193 
Power: 0.273813 0.389500 0.225625 1.291875 0.001813 0.297563 0.160188 0.104188 0.001813 0.935813 0.147563 0.104188 0.001813 0.001813 0.104188 0.104188 
Tsteady: 340.574607 343.509702 343.068005 348.640978 336.015465 333.519811 330.802379 329.262505 335.936561 342.516743 337.626717 336.042398 331.081390 328.900798 328.204519 327.590946 
Temperatures: 320.353788 320.699613 320.113255 323.408474 318.923964 320.042124 319.707509 319.451907 318.849529 322.012500 319.743473 319.511766 318.667774 319.004119 319.372177 319.382628 
Power: 0.273625 0.421563 0.206063 1.274437 0.001813 0.339562 0.149562 0.128750 0.001813 1.013437 0.173250 0.124750 0.001813 0.001813 0.121313 0.121313 
Tsteady: 341.482367 344.704855 343.674064 349.070267 336.624553 334.522866 331.549380 330.290048 336.833960 343.954513 338.595786 336.763797 331.642858 329.544880 328.962822 328.447061 
Temperatures: 320.821517 321.527862 320.769187 324.970341 319.328407 320.529985 319.997750 319.725529 319.181397 323.212696 320.197303 319.941701 318.831297 319.115959 319.588323 319.599549 
Power: 0.273875 0.431625 0.234375 1.340750 0.001813 0.341750 0.149562 0.121313 0.001813 1.002438 0.173000 0.126188 0.001813 0.001813 0.121313 0.124750 
Tsteady: 341.850291 345.287584 344.642663 350.335772 337.220322 334.845020 331.702885 330.313753 337.086457 344.230831 339.079245 337.336964 332.025683 329.785116 329.113218 328.566362 
Temperatures: 321.295599 322.347084 321.509946 326.446263 319.779033 320.979314 320.287590 319.979255 319.547035 324.217461 320.675497 320.398631 319.017128 319.253747 319.794452 319.814941 
Power: 0.273875 0.408938 0.189625 1.276375 0.001813 0.350625 0.147625 0.121313 0.001813 0.933813 0.161875 0.121313 0.001813 0.001813 0.128750 0.126188 
Tsteady: 340.721203 343.719174 342.863553 348.659249 336.438466 334.528701 331.492626 330.159180 336.054387 342.652199 337.822230 336.349387 331.446487 329.479572 328.974217 328.443310 
Temperatures: 321.770735 323.087033 322.176578 327.624957 320.253172 321.409436 320.569241 320.226646 319.925989 324.972200 321.140410 320.853839 319.218447 319.406472 320.002642 320.021777 
Power: 0.273813 0.432125 0.202625 1.309625 0.001813 0.316625 0.163438 0.128750 0.001813 0.973063 0.149562 0.124750 0.001813 0.001813 0.121313 0.121313 
Tsteady: 341.304320 344.559164 343.570473 349.354597 336.634155 334.312265 331.623870 330.322531 336.563988 343.426706 338.225135 336.715676 331.606583 329.477721 328.960886 328.452403 
Temperatures: 322.246229 323.835443 322.871654 328.732082 320.735253 321.752055 320.872014 320.482102 320.310892 325.716316 321.587250 321.313654 319.437896 319.571328 320.190461 320.212682 
Power: 0.273813 0.417312 0.195062 1.307063 0.001813 0.308688 0.149562 0.121313 0.001813 0.924687 0.134750 0.126188 0.001813 0.001813 0.121313 0.124750 
Tsteady: 340.714142 343.773502 342.938424 348.925968 336.301324 333.922909 331.181069 329.937178 335.990501 342.509965 337.587668 336.351799 331.334725 329.221036 328.708588 328.242903 
Temperatures: 322.720265 324.519338 323.545546 329.718510 321.215815 322.068359 321.135885 320.716416 320.695794 326.301230 322.011203 321.768065 319.669049 319.740336 320.372346 320.401911 
Power: 0.273750 0.392062 0.223750 1.351562 0.001813 0.337062 0.134750 0.121313 0.001813 0.944438 0.149562 0.121313 0.001813 0.001813 0.128750 0.126188 
Tsteady: 340.927560 343.986895 343.750076 349.919091 336.905280 334.531682 331.358781 330.102147 336.260131 342.965783 338.176282 336.843658 331.729474 329.567498 328.972420 328.434580 
Temperatures: 323.189572 325.129552 324.258918 330.689274 321.693787 322.425450 321.367307 320.944382 321.077518 326.876167 322.464662 322.206546 319.912734 319.917495 320.563654 320.588521 
Power: 0.273875 0.417312 0.195062 1.284312 0.001813 0.308688 0.149562 0.128750 0.001813 0.924687 0.134750 0.124750 0.001813 0.001813 0.121313 0.121313 
Tsteady: 340.651474 343.681983 342.770032 348.566768 336.143441 333.858624 331.180881 330.027044 335.937349 342.439666 337.480377 336.192650 331.235092 329.168315 328.685859 328.224395 
Temperatures: 323.652922 325.762613 324.895757 331.450015 322.161523 322.716046 321.621667 321.178769 321.453396 327.374008 322.885787 322.639844 320.161314 320.096066 320.733294 320.758654 
Power: 0.273750 0.395875 0.223750 1.292625 0.001813 0.335500 0.134750 0.121313 0.001813 0.944438 0.149562 0.126188 0.001813 0.001813 0.121313 0.124750 
Tsteady: 340.805147 343.820948 343.356369 349.018389 336.472514 334.262737 331.162164 329.943495 336.150201 342.820374 337.940203 336.513582 331.466379 329.359885 328.754941 328.270541 
Temperatures: 324.109392 326.330395 325.562391 332.169353 322.614685 323.047889 321.842072 321.391617 321.823230 327.877788 323.329615 323.060326 320.416265 320.278298 320.900703 320.930880 
Power: 0.273813 0.441063 0.195062 1.404438 0.001813 0.283562 0.149562 0.121313 0.001813 0.924687 0.134750 0.119625 0.001813 0.001813 0.117250 0.119438 
Tsteady: 341.178613 344.506576 343.745597 350.398392 336.819176 333.858615 331.145732 329.898225 336.327308 342.927326 338.059933 336.888539 331.639972 329.293021 328.681113 328.176175 
Temperatures: 324.560633 326.957974 326.157157 333.032399 323.058066 323.276119 322.083612 321.598871 322.186870 328.319169 323.737592 323.461353 320.674593 320.460614 321.058543 321.087951 
Power: 0.273750 0.392062 0.223750 1.343250 0.001813 0.337062 0.134750 0.114000 0.001813 0.944438 0.149562 0.133187 0.001813 0.001813 0.143250 0.138625 
Tsteady: 340.946349 344.006595 343.765937 349.899165 336.951227 334.617775 331.479016 330.165710 336.281230 342.993425 338.225570 336.970446 331.812112 329.683987 329.219417 328.686487 
Temperatures: 325.004467 327.468186 326.788757 333.710452 323.492036 323.602483 322.291799 321.788496 322.544035 328.776270 324.166525 323.879420 320.935408 320.645804 321.261413 321.277331 
Power: 0.273813 0.417312 0.195062 1.279438 0.001813 0.308688 0.149562 0.128750 0.001813 0.924687 0.134750 0.128125 0.001813 0.001813 0.121313 0.121313 
Tsteady: 340.644391 343.672124 342.749379 348.511925 336.123216 333.849870 331.176310 330.023919 335.932889 342.434811 337.476431 336.202822 331.231463 329.164203 328.682767 328.221917 
Temperatures: 325.438236 328.007140 327.336908 334.229234 323.907886 323.864094 322.523410 322.000619 322.892776 329.174055 324.556588 324.267782 321.193344 320.829220 321.413078 321.425210 
Power: 0.273813 0.392062 0.223750 1.285062 0.001813 0.337062 0.134750 0.121313 0.001813 0.944438 0.149562 0.149562 0.001813 0.001813 0.121313 0.124750 
Tsteady: 340.802983 343.799646 343.381191 349.041994 336.525383 334.320210 331.198026 329.970515 336.162256 342.843043 338.018040 336.747932 331.558973 329.411593 328.787665 328.295573 
Temperatures: 325.862298 328.479787 327.911694 334.737335 324.305144 324.170983 322.721636 322.191666 323.234154 329.591595 324.965475 324.674430 321.452297 321.013803 321.564735 321.577202 
Power: 0.273813 0.417312 0.195062 1.276437 0.001813 0.308688 0.149562 0.121313 0.001813 0.924687 0.134750 0.121313 0.001813 0.001813 0.128750 0.126188 
Tsteady: 340.623900 343.643854 342.702396 348.429527 336.084457 333.837607 331.169061 329.942618 335.914335 342.409091 337.431426 336.108133 331.197743 329.170172 328.752852 328.271535 
Temperatures: 326.276386 328.982468 328.405210 335.207115 324.684703 324.414605 322.942826 322.377487 323.567464 329.955144 325.333798 325.008711 321.706299 321.196115 321.726954 321.727000 
Power: 0.273750 0.392062 0.223750 1.257562 0.001813 0.337062 0.134750 0.128750 0.001813 0.944438 0.149562 0.124750 0.001813 0.001813 0.121313 0.121313 
Tsteady: 340.669602 343.616539 343.070691 348.456221 336.228563 334.172083 331.143052 330.017905 336.044231 342.685268 337.760188 336.267199 331.311584 329.278111 328.713327 328.237007 
Temperatures: 326.680292 329.419664 328.928173 335.623997 325.047024 324.704182 323.131075 322.571466 323.893243 330.341810 325.717599 325.337915 321.955857 321.377926 321.872272 321.864803 
Power: 0.273813 0.417312 0.195062 1.249562 0.001813 0.308688 0.149562 0.121313 0.001813 0.924687 0.134750 0.126188 0.001813 0.001813 0.121313 0.124750 
Tsteady: 340.553764 343.543305 342.516973 348.022937 335.886140 333.708121 331.052664 329.842002 335.856014 342.334611 337.325326 335.978817 331.077833 329.058784 328.600190 328.158018 
Temperatures: 327.074151 329.887888 329.371351 336.013385 325.391824 324.930994 323.342132 322.745208 324.210979 330.677077 326.059774 325.656163 322.198800 321.556193 322.015638 322.005339 
Power: 0.273750 0.392062 0.223750 1.336875 0.001813 0.337062 0.134750 0.121313 0.001813 0.944438 0.149562 0.121313 0.001813 0.001813 0.128750 0.126188 
Tsteady: 340.886594 343.928094 343.642423 349.688425 336.799228 334.476817 331.325982 330.077836 336.225778 342.920992 338.109271 336.748385 331.663855 329.526054 328.944731 328.412898 
Temperatures: 327.458607 330.292767 329.852441 336.544811 325.726785 325.205318 323.520916 322.915470 324.522213 331.038574 326.419150 325.959324 322.439233 321.735516 322.172693 322.147007 
Power: 0.273813 0.417312 0.195062 1.284375 0.001813 0.308688 0.149562 0.128750 0.001813 0.924687 0.134750 0.124750 0.001813 0.001813 0.121313 0.121313 
Tsteady: 340.650265 343.681597 342.770170 348.567575 336.143789 333.858789 331.180971 330.027105 335.936858 342.439448 337.480419 336.192909 331.235279 329.168428 328.685930 328.224447 
Temperatures: 327.833133 330.730347 330.261906 336.945710 326.051394 325.417910 323.723294 323.094681 324.825673 331.350530 326.738161 326.262299 322.671895 321.910009 322.310799 322.275209 
Power: 0.362938 0.395875 0.223750 1.418500 0.001813 0.335500 0.134750 0.114687 0.001813 0.944438 0.149562 0.118750 0.001813 0.001813 0.113437 0.117813 
Tsteady: 343.098030 345.193218 344.677637 351.159706 337.437082 334.708155 331.327810 329.931964 337.322061 343.748070 338.798239 337.412454 332.064904 329.684060 328.844781 328.258430 
Temperatures: 328.359536 331.118671 330.716777 337.565212 326.372083 325.676723 323.892945 323.243312 325.128631 331.691656 327.076845 326.553587 322.904205 322.085179 322.436783 322.396775 
Power: 0.274187 0.450937 0.210063 0.143563 0.005063 0.320875 0.163750 0.086625 0.005063 0.934500 0.145500 0.086625 1.219625 0.005063 0.114500 0.112687 
Tsteady: 339.739023 342.135815 338.312181 336.191467 335.874579 335.228321 332.184925 330.159557 335.347404 341.605197 336.041200 335.168471 341.224532 332.602468 330.063940 328.814466 
Temperatures: 328.697016 331.593335 331.070414 335.907759 326.693593 325.902377 324.109358 323.340136 325.431717 332.002949 327.392229 326.789137 325.202382 322.329083 322.570024 322.506768 
Power: 0.237875 0.421563 0.197625 0.001813 0.001813 0.332437 0.149562 0.121313 0.001813 0.963187 0.143875 0.121313 1.104500 0.001813 0.131188 0.121313 
Tsteady: 338.270580 340.714760 336.664766 333.518864 334.261687 334.516592 331.885001 330.521388 334.508793 340.939033 335.069601 333.974585 339.369532 331.820856 329.893831 328.913335 
Temperatures: 328.962252 331.975852 331.284734 334.357492 326.978305 326.147722 324.288210 323.502809 325.715044 332.351998 327.684925 327.068041 326.815775 322.636826 322.734519 322.629884 
Power: 0.272625 0.421563 0.214375 0.001813 0.001813 0.435250 0.134750 0.121313 0.001813 0.905875 0.141250 0.121313 1.108500 0.001813 0.121313 0.118750 
Tsteady: 338.836394 340.879095 336.999629 333.898243 334.950433 335.998001 332.358452 330.810682 334.573954 340.575194 335.108198 334.203178 339.793615 332.382474 330.151079 329.101947 
Temperatures: 329.290357 332.329227 331.447182 333.134629 327.232391 326.568310 324.444382 323.659957 325.987337 332.581778 327.952910 327.309108 328.118438 322.985601 322.883385 322.749039 
Power: 0.274125 0.374000 0.204187 0.001813 0.001813 0.294938 0.134750 0.106438 0.001813 0.910438 0.158938 0.106438 1.068875 0.001813 0.106438 0.109750 
Tsteady: 338.159167 339.778836 336.090371 332.868357 333.407333 333.300267 330.748516 329.432850 334.084876 340.017407 334.569761 333.269631 338.422606 330.959402 328.903921 328.003139 
Temperatures: 329.607590 332.570216 331.531095 332.168884 327.454666 326.706284 324.599680 323.782605 326.248121 332.818329 328.226083 327.493048 329.100573 323.335928 323.004543 322.844586 
Power: 0.274125 0.384375 0.186000 0.001813 0.001813 0.315437 0.134750 0.090000 0.001813 0.893875 0.162500 0.090000 1.194625 0.001813 0.092625 0.094000 
Tsteady: 338.214938 339.883286 336.095155 333.197597 334.109100 333.901909 330.862075 329.172592 334.100937 339.970432 334.706534 333.648383 339.821826 331.500106 328.929212 327.782155 
Temperatures: 329.910256 332.815864 331.547614 331.405209 327.652319 326.892994 324.746617 323.871837 326.498690 333.021196 328.472923 327.636946 330.121928 323.682667 323.110737 322.911530 
Power: 0.274125 0.384375 0.186000 0.001813 0.001813 0.308000 0.134750 0.106438 0.001813 0.892687 0.161062 0.106438 1.135875 0.001813 0.110625 0.106438 
Tsteady: 338.178005 339.835020 336.025653 333.083284 333.870469 333.780145 331.037228 329.627372 334.064840 339.917943 334.639436 333.577133 339.262333 331.389814 329.181322 328.158020 
Temperatures: 330.199890 333.043979 331.549444 330.803407 327.833899 327.069781 324.889481 323.991629 326.739644 333.221932 328.688512 327.806747 330.856002 324.019222 323.258341 323.005614 
Power: 0.274125 0.374000 0.186000 0.001813 0.001813 0.283313 0.134750 0.114687 0.001813 0.887813 0.155500 0.114687 1.025813 0.001813 0.114687 0.114687 
Tsteady: 337.862703 339.393167 335.579094 332.504566 333.019082 332.971343 330.669941 329.531348 333.790480 339.551492 334.194104 332.969031 337.832484 330.703264 328.883495 328.065150 
Temperatures: 330.475248 333.237031 331.542988 330.330989 327.991006 327.205001 325.028863 324.123224 326.970425 333.409750 328.871267 327.971046 331.278593 324.329137 323.411519 323.114415 
Power: 0.274125 0.374000 0.186000 0.001813 0.001813 0.314625 0.134750 0.106438 0.001813 0.870875 0.140937 0.106438 1.104688 0.001813 0.106438 0.106438 
Tsteady: 337.809047 339.338817 335.620407 332.760925 333.582877 333.645265 330.907874 329.515804 333.713219 339.375089 334.121382 333.210083 338.774904 331.164482 329.009414 328.038663 
Temperatures: 330.736958 333.417816 331.533600 329.962022 328.130973 327.401834 325.166424 324.235947 327.191155 333.563853 329.011348 328.103132 331.783785 324.618589 323.549554 323.207916 
Power: 0.274125 0.384375 0.186000 0.001813 0.001813 0.306875 0.134750 0.123813 0.001813 0.887500 0.155188 0.114687 1.124875 0.001813 0.106438 0.109750 
Tsteady: 338.133661 339.781829 335.981391 333.066583 333.844811 333.799179 331.165460 329.989134 334.014926 339.829482 334.561919 333.591447 339.173921 331.385068 329.227640 328.333029 
Temperatures: 330.987158 333.606935 331.527264 329.677183 328.265027 327.580269 325.304424 324.378851 327.403798 333.748320 329.167635 328.244495 332.249636 324.893774 323.689459 323.310086 
Power: 0.274125 0.374000 0.186000 0.001813 0.001813 0.311000 0.134750 0.097437 0.001813 0.865313 0.134750 0.090000 1.091562 0.001813 0.097437 0.094000 
Tsteady: 337.665776 339.161167 335.397838 332.486703 333.288147 333.323541 330.554486 329.046948 333.567560 339.160658 333.843936 332.826256 338.401710 330.866614 328.634687 327.589687 
Temperatures: 331.224820 333.764274 331.524235 329.457777 328.391459 327.761378 325.439452 324.467189 327.606966 333.886546 329.274167 328.333606 332.586741 325.148070 323.809652 323.380118 
Power: 0.274062 0.384375 0.186000 0.001813 0.001813 0.314625 0.134750 0.106438 0.001813 0.870938 0.141000 0.112375 1.054875 0.001813 0.106438 0.106375 
Tsteady: 337.854291 339.440304 335.589016 332.618637 333.309501 333.448944 330.776845 329.415700 333.724253 339.381828 334.063556 333.046564 338.207609 330.920698 328.875431 327.942056 
Temperatures: 331.450831 333.930905 331.525952 329.291580 328.509104 327.942551 325.571754 324.571977 327.801024 334.034370 329.386842 328.458162 332.820446 325.383497 323.947647 323.476244 
Power: 0.274125 0.384375 0.186000 0.001813 0.001813 0.311000 0.134750 0.106438 0.001813 0.893000 0.161312 0.135313 1.055000 0.001813 0.106438 0.106438 
Tsteady: 338.129188 339.774548 335.933583 332.914667 333.485378 333.520394 330.837596 329.469214 334.018885 339.865585 334.570815 333.501985 338.415432 331.024801 328.943475 327.997667 
Temperatures: 331.667400 334.089099 331.536330 329.171335 328.619715 328.110446 325.703011 324.676176 327.989124 334.218646 329.532013 328.612235 333.037622 325.601588 324.083464 323.572473 
Power: 0.274125 0.384375 0.186000 0.001813 0.001813 0.311000 0.134750 0.106438 0.001813 0.893000 0.161438 0.106438 1.048500 0.001813 0.106438 0.106438 
Tsteady: 338.052505 339.674841 335.784332 332.698895 333.314563 333.409476 330.763474 329.411474 333.945367 339.765335 334.395086 333.108710 338.178939 330.906261 328.870981 327.942470 
Temperatures: 331.874392 334.240455 331.555576 329.086880 328.724484 328.271912 325.832163 324.779272 328.171704 334.392695 329.667101 328.702119 333.225686 325.802753 324.215352 323.667367 
Power: 0.274125 0.384375 0.186000 0.001813 0.001813 0.306875 0.134750 0.094937 0.001813 0.887500 0.155062 0.090000 1.111438 0.001813 0.097437 0.097437 
Tsteady: 338.021290 339.640089 335.775154 332.762901 333.510215 333.427146 330.635009 329.097590 333.906777 339.689146 334.334333 333.134931 338.750128 331.026292 328.738022 327.695455 
Temperatures: 332.072221 334.385203 331.582339 329.029272 328.827645 328.419729 325.957553 324.859942 328.348067 334.547774 329.780474 328.766261 333.506562 325.992385 324.327766 323.744049 
Power: 0.274125 0.374000 0.186000 0.001813 0.001813 0.311000 0.134750 0.135750 0.001813 0.865313 0.134750 0.123813 1.062875 0.001813 0.106438 0.106438 
Tsteady: 337.743213 339.258279 335.536341 332.676609 333.416523 333.577693 331.070470 330.063445 333.642523 339.258992 334.008533 333.181899 338.373348 331.057268 329.073429 328.243705 
Temperatures: 332.260638 334.504397 331.613791 328.995123 328.929394 328.570166 326.081491 325.015174 328.516634 334.656804 329.853173 328.893367 333.668549 326.171248 324.456105 323.840689 
Power: 0.274125 0.374000 0.186000 0.001813 0.001813 0.314625 0.134750 0.106438 0.001813 0.870875 0.141000 0.106438 1.077813 0.001813 0.106438 0.106438 
Tsteady: 337.769589 339.288450 335.544986 332.641141 333.408725 333.522755 330.825976 329.452980 333.675562 339.326526 334.044873 333.065159 338.441111 331.016963 328.926510 327.978375 
Temperatures: 332.439684 334.619653 331.648858 328.980420 329.028641 328.720850 326.204468 325.109503 328.677261 334.775372 329.938887 328.980111 333.846453 326.339036 324.579790 323.936102 
Power: 0.274125 0.374000 0.186000 0.001813 0.001813 0.306875 0.134750 0.114687 0.001813 0.887500 0.155062 0.114687 1.029000 0.001813 0.114687 0.114687 
Tsteady: 337.889178 339.427158 335.633591 332.603874 333.210638 333.361028 330.864471 329.658740 333.814619 339.579771 334.238042 333.049384 337.977775 330.877812 329.010570 328.163404 
Temperatures: 332.610276 334.732694 331.688849 328.981094 329.123681 328.851129 326.325143 325.218745 328.831998 334.920333 330.048279 329.078470 333.926244 326.495193 324.714175 324.045149 
Power: 0.274125 0.374000 0.186000 0.001813 0.001813 0.314625 0.134750 0.090875 0.001813 0.870875 0.141000 0.085000 1.144375 0.001813 0.090000 0.090000 
Tsteady: 337.784110 339.308834 335.581202 332.718452 333.612736 333.539956 330.598300 328.957516 333.688560 339.343176 334.067356 333.082448 339.028321 331.098983 328.645942 327.534163 
Temperatures: 332.773026 334.843263 331.733183 328.993144 329.219548 328.990916 326.441465 325.282000 328.980768 335.028430 330.126682 329.125512 334.208360 326.644967 324.798249 324.103936 
Power: 0.274062 0.374000 0.186000 0.001813 0.001813 0.306875 0.134750 0.132312 0.001813 0.887500 0.155062 0.110625 1.073250 0.001813 0.109750 0.112125 
Tsteady: 337.950093 339.505178 335.749983 332.791126 333.507527 333.606902 331.117249 330.087937 333.873451 339.654559 334.352133 333.251372 338.525858 331.138592 329.169378 328.355519 
Temperatures: 332.928740 334.951862 331.781745 329.015623 329.316928 329.111662 326.555455 325.422777 329.124312 335.164093 330.229576 329.227284 334.328321 326.789715 324.920974 324.208071 
Power: 0.494063 0.228437 0.091438 0.348687 0.010125 0.176000 0.069187 0.078187 0.499250 0.273625 0.097875 0.078187 0.837625 0.010125 0.085875 0.112125 
Tsteady: 341.996777 337.414732 334.016092 334.657467 332.163357 330.321855 327.958500 327.155611 338.623512 334.955284 331.802281 331.816202 335.277241 328.836648 326.964887 326.419432 
Temperatures: 333.488114 334.780283 331.673715 329.641533 329.420853 328.995042 326.540475 325.452867 330.107819 334.267344 330.192879 329.267955 334.034368 326.909480 324.984447 324.297098 
Power: 0.274438 0.005063 0.207437 0.436312 1.171875 0.298375 0.154188 0.079187 0.979812 0.005063 0.148688 0.079187 0.082500 0.005063 0.085875 0.079187 
Tsteady: 340.017913 335.392610 337.043248 341.520831 347.204839 338.129595 332.642913 329.894748 342.773684 334.014473 333.333988 333.814818 334.460914 331.240226 329.281537 327.993704 
Temperatures: 333.635217 334.219713 331.806472 330.375536 331.517673 329.191385 326.687728 325.491306 331.718034 333.184011 330.207419 329.295817 332.618609 326.967652 325.061387 324.332004 
Power: 0.274438 0.001813 0.226312 0.414687 1.160062 0.298312 0.161000 0.128750 0.965250 0.001813 0.145563 0.124750 0.001813 0.001813 0.121313 0.079187 
Tsteady: 339.869480 335.298144 337.103835 341.252737 346.828451 338.196018 333.264335 331.092739 342.521313 333.888767 333.309954 333.909196 333.770987 331.214600 329.874668 328.623283 
Temperatures: 333.815727 333.726023 331.958985 331.052929 333.188904 329.467718 326.846932 325.627240 332.975194 332.399146 330.180704 329.371590 331.505993 326.963854 325.197585 324.377018 
Power: 0.274125 0.001813 0.195437 0.421563 1.104437 0.318063 0.149750 0.117188 0.993250 0.001813 0.165437 0.118750 0.001813 0.001813 0.121313 0.079187 
Tsteady: 339.984938 335.226747 336.680675 340.878654 346.026741 337.962531 332.894393 330.675231 342.878063 333.964119 333.313113 333.678600 333.446254 331.000146 329.651155 328.386155 
Temperatures: 334.011215 333.303969 332.040085 331.706258 334.455756 329.815002 326.988339 325.735606 334.035063 331.833621 330.170436 329.408716 330.733679 326.938458 325.314808 324.429919 
Power: 0.274187 0.001813 0.223438 0.389500 1.104500 0.317250 0.161250 0.123750 0.964500 0.001813 0.141250 0.121313 0.001813 0.001813 0.121313 0.079187 
Tsteady: 339.671870 335.033444 336.652042 340.453501 345.860051 337.948963 333.071594 330.871693 342.345262 333.669351 332.970823 333.462309 333.332986 330.975452 329.706042 328.468018 
Temperatures: 334.211053 332.950137 332.163770 332.253399 335.503884 330.166840 327.154987 325.852963 334.846839 331.425676 330.105868 329.440066 330.202660 326.912677 325.418419 324.488712 
Power: 0.274187 0.001813 0.189625 0.408125 1.058750 0.340000 0.147000 0.146437 0.944375 0.001813 0.143875 0.131250 0.001813 0.001813 0.121313 0.079187 
Tsteady: 339.332005 334.686856 336.115417 340.287910 345.344805 337.991137 333.057059 331.215979 341.905277 333.397336 332.754743 333.388013 333.170321 330.942105 329.720861 328.584689 
Temperatures: 334.406026 332.657875 332.214046 332.788270 336.303609 330.550622 327.299256 326.007342 335.478715 331.129563 330.050569 329.485760 329.843311 326.897253 325.511899 324.552952 
Power: 0.274187 0.001813 0.202625 0.429438 1.095625 0.287313 0.164125 0.121313 0.983250 0.001813 0.147313 0.121313 0.001813 0.001813 0.111250 0.079187 
Tsteady: 339.837274 335.113041 336.618229 340.807187 345.730680 337.500284 332.830707 330.665034 342.651494 333.802350 333.073675 333.561181 333.274395 330.783567 329.469971 328.304512 
Temperatures: 334.594924 332.420438 332.289758 333.309279 337.049988 330.822797 327.475851 326.108901 336.072000 330.918474 330.008078 329.516750 329.609417 326.893860 325.581586 324.619365 
Power: 0.274187 0.001813 0.195437 0.421563 1.074688 0.332437 0.149562 0.101500 1.016063 0.001813 0.163750 0.155312 0.001813 0.001813 0.134313 0.079187 
Tsteady: 340.263231 335.432300 336.843598 340.998661 345.852391 338.080582 332.907897 330.468979 343.313663 334.200777 333.523185 334.082855 333.546765 331.100125 329.784606 328.374154 
Temperatures: 334.780014 332.232556 332.353791 333.765365 337.656169 331.169856 327.621848 326.174781 336.627351 330.775942 330.003828 329.616071 329.469705 326.906862 325.691227 324.687129 
Power: 0.274187 0.001813 0.223438 0.389500 1.125563 0.312750 0.134750 0.121313 0.948375 0.001813 0.141250 0.121313 0.001813 0.001813 0.121313 0.079187 
Tsteady: 339.514848 334.941135 336.619153 340.487847 346.021159 337.793994 332.630756 330.572964 342.074701 333.555849 332.923868 333.453929 333.339803 330.883462 329.519749 328.291195 
Temperatures: 334.955799 332.087716 332.466082 334.123149 338.271982 331.460276 327.742115 326.278467 336.977930 330.680531 329.965705 329.651198 329.396996 326.933607 325.766968 324.754208 
Power: 0.274187 0.001813 0.192500 0.422438 1.090750 0.320437 0.146625 0.180312 0.966625 0.001813 0.161875 0.124750 0.001813 0.001813 0.121313 0.079187 
Tsteady: 339.722503 335.053829 336.558234 340.838978 345.965642 338.179507 333.432709 332.000896 342.434980 333.771153 333.206923 333.699132 333.486833 331.166409 329.995995 328.972518 
Temperatures: 335.120406 331.979382 332.516930 334.508683 338.747412 331.749872 327.890344 326.486124 337.312445 330.619499 329.975229 329.703011 329.374552 326.974717 325.843105 324.827424 
Power: 0.274187 0.001813 0.222062 0.409562 1.127500 0.293500 0.164437 0.149562 0.965625 0.001813 0.141250 0.121438 0.001813 0.001813 0.121313 0.079187 
Tsteady: 339.764792 335.152866 336.849948 340.889145 346.273889 337.968986 333.337992 331.450740 342.435593 333.768884 333.110581 333.670131 333.531954 331.093069 329.887432 328.742315 
Temperatures: 335.275594 331.902247 332.624080 334.834593 339.232288 331.977565 328.070154 326.624755 337.600791 330.585678 329.954065 329.757464 329.387825 327.025261 325.919518 324.903091 
Power: 0.274187 0.001813 0.194188 0.413250 1.155000 0.316437 0.147000 0.117188 0.944375 0.001813 0.143875 0.118750 0.001813 0.001813 0.121313 0.079187 
Tsteady: 339.454531 334.864327 336.446671 340.879306 346.600317 338.164126 332.952910 330.711344 342.006310 333.527193 332.940080 333.607053 333.586915 331.095818 329.697453 328.414571 
Temperatures: 335.420233 331.850426 332.675840 335.140074 339.707323 332.241000 328.209635 326.699755 337.815631 330.570476 329.949121 329.813801 329.429041 327.084098 325.995565 324.976549 
Power: 0.274187 0.001813 0.198375 0.424187 1.135438 0.283625 0.164125 0.123750 0.944375 0.001813 0.141250 0.131250 0.001813 0.001813 0.121313 0.121313 
Tsteady: 339.503026 334.930869 336.563560 340.998347 346.381034 337.909563 333.301701 331.276216 342.048216 333.578585 333.008413 333.759424 333.593190 331.131899 330.009269 329.174958 
Temperatures: 335.554672 331.818786 332.739674 335.438770 340.092378 332.434291 328.374649 326.791891 338.007349 330.569369 329.948791 329.898673 329.491314 327.150526 326.075503 325.123515 
Power: 0.274187 0.001813 0.190938 0.389500 1.120062 0.317437 0.134750 0.146437 0.928063 0.001813 0.145313 0.131250 0.001813 0.001813 0.121313 0.121313 
Tsteady: 339.220882 334.648953 336.152620 340.366694 346.042218 338.067082 333.140885 331.537313 341.679149 333.340011 332.791316 333.491017 333.423939 331.109970 329.976608 329.244395 
Temperatures: 335.678945 331.803353 332.791559 335.648628 340.409084 332.680913 328.481183 326.927921 338.150860 330.578531 329.964274 329.982689 329.565636 327.222722 326.157439 325.256910 
Power: 0.274187 0.001813 0.186000 0.390000 1.257062 0.329062 0.141250 0.101500 0.971750 0.001813 0.160000 0.104188 0.001813 0.001813 0.121313 0.104188 
Tsteady: 339.839160 335.168576 336.702167 341.279503 348.109822 338.996652 333.316698 330.874715 342.582612 333.881780 333.321571 333.880814 334.187746 331.586248 330.073559 328.901953 
Temperatures: 335.797040 331.801848 332.838780 335.851137 340.935838 332.937210 328.603445 326.978661 338.359933 330.599664 330.009752 330.021192 329.656888 327.304543 326.240598 325.348772 
Power: 0.274187 0.001813 0.198375 0.442000 1.242687 0.293500 0.161875 0.121313 0.983875 0.001813 0.141250 0.121438 0.001813 0.001813 0.121313 0.104188 
Tsteady: 340.105843 335.466821 337.201762 342.083784 348.224993 338.835082 333.684769 331.415230 342.896585 334.098807 333.488462 334.316761 334.365167 331.660210 330.268435 329.169809 
Temperatures: 335.912497 331.813161 332.915537 336.140963 341.372136 333.124139 328.760578 327.072095 338.567746 330.632477 330.023771 330.103026 329.762733 327.391716 326.325113 325.436684 
Power: 0.274187 0.001813 0.206937 0.413250 1.196750 0.313437 0.146500 0.121313 0.982625 0.001813 0.161875 0.121313 0.001813 0.001813 0.121313 0.104188 
Tsteady: 340.070110 335.424005 337.110287 341.493839 347.468318 338.641726 333.367383 331.213965 342.862162 334.090342 333.556761 334.100307 334.063857 331.475755 330.091985 329.024558 
Temperatures: 336.024650 331.835635 333.009916 336.356708 341.678788 333.343883 328.882959 327.165737 338.750429 330.673831 330.082220 330.188721 329.873114 327.481052 326.408472 325.520457 
Power: 0.274187 0.001813 0.202625 0.429438 1.143625 0.287313 0.164437 0.128750 0.983500 0.001813 0.147250 0.124750 0.001813 0.001813 0.121313 0.104188 
Tsteady: 339.956229 335.266353 336.859909 341.245257 346.611221 338.050231 333.350209 331.292490 342.762529 333.938180 333.272300 333.883721 333.710072 331.200214 329.997878 329.002547 
Temperatures: 336.132776 331.867001 333.095022 336.583258 341.864319 333.502797 329.033815 327.272222 338.915624 330.720979 330.115503 330.281713 329.980572 327.570790 326.490888 325.601294 
Power: 0.274187 0.001813 0.195437 0.421563 1.053000 0.321750 0.149562 0.117188 1.016063 0.001813 0.163750 0.118750 0.001813 0.001813 0.121313 0.104188 
Tsteady: 340.147143 335.277275 336.599082 340.603338 345.332689 337.760286 332.893229 330.816625 343.205312 334.052733 333.266561 333.536205 333.212399 330.906151 329.715021 328.718922 
Temperatures: 336.238665 331.905087 333.167343 336.767745 341.884444 333.708871 329.150021 327.355065 339.121454 330.774134 330.181579 330.363328 330.077511 327.660111 326.571397 325.678445 
Power: 0.274187 0.001813 0.219188 0.384375 1.163500 0.300000 0.134750 0.126188 0.948375 0.001813 0.141250 0.124750 0.001813 0.001813 0.121313 0.104188 
Tsteady: 339.555372 334.987594 336.674489 340.669787 346.558058 337.972272 332.884667 330.968130 342.116151 333.607399 333.004228 333.619982 333.578953 331.075391 329.783598 328.799964 
Temperatures: 336.339702 331.949707 333.279625 336.870467 342.115351 333.856595 329.237796 327.452826 339.185786 330.828779 330.208321 330.452594 330.171124 327.749809 326.650193 325.753812 
Power: 0.591500 0.340500 0.172500 0.306937 1.076188 0.328875 0.121625 0.110500 0.805438 0.300875 0.107000 0.104625 0.148063 0.010125 0.127625 0.127625 
Tsteady: 350.005907 344.546788 340.432569 341.788791 347.077064 338.988149 333.492042 331.420226 346.955057 340.596426 336.174797 335.346871 335.768156 332.320403 330.645236 329.641862 
Temperatures: 337.021038 332.626654 333.319486 336.840823 342.180760 334.049520 329.309498 327.523239 339.043769 331.403653 330.205297 330.509845 330.520885 327.871105 326.747200 325.875864 
Power: 0.274875 1.001000 0.186000 0.392188 0.001813 0.001813 0.168000 0.100750 0.005063 0.313563 0.163750 0.098312 1.343438 0.005063 0.094125 0.094125 
Tsteady: 341.779900 347.550420 340.790054 339.694130 336.106901 331.537460 330.514219 329.228006 334.685459 338.000997 336.150329 336.399110 342.293973 331.676737 328.985421 327.879627 
Temperatures: 337.066325 334.377884 333.451029 336.922525 340.437300 333.599235 329.445535 327.576038 337.588768 331.894900 330.338147 330.626768 332.777010 328.022304 326.776532 325.918165 
Power: 0.274187 0.998000 0.201063 0.439812 0.001813 0.001813 0.149562 0.114687 0.001813 0.293500 0.141250 0.144000 1.233437 0.001813 0.114687 0.117188 
Tsteady: 341.658438 347.473278 341.018954 340.217557 335.950569 331.398117 330.456997 329.567952 334.503250 337.733032 336.002392 336.592772 341.390548 331.427233 329.170905 328.298912 
Temperatures: 337.118960 335.831879 333.681931 337.007008 339.099001 333.161347 329.504262 327.654095 336.423084 332.262233 330.446632 330.904034 334.260257 328.212574 326.854561 326.003033 
Power: 0.274125 0.993625 0.200625 0.426687 0.001813 0.001813 0.149562 0.121313 0.001813 0.296063 0.143875 0.117188 1.195188 0.001813 0.121313 0.118750 
Tsteady: 341.491889 347.232966 340.698132 339.691274 335.530961 331.172926 330.388904 329.623639 334.367222 337.566900 335.724516 335.998582 340.753755 331.175350 329.124323 328.300683 
Temperatures: 337.179964 337.043052 333.951095 337.015314 338.056553 332.752086 329.537196 327.740342 335.491884 332.574159 330.582107 331.149646 335.299423 328.408978 326.944713 326.086231 
Power: 0.274187 0.953750 0.223750 0.389500 0.001813 0.001813 0.134750 0.114687 0.001813 0.317563 0.147313 0.118750 1.229250 0.001813 0.114687 0.117188 
Tsteady: 341.287468 346.807619 340.677659 339.302010 335.436411 331.030901 330.049078 329.300403 334.315804 337.619508 335.753151 335.978204 340.973891 331.140226 328.921692 328.095557 
Temperatures: 337.246340 337.996537 334.275482 336.936230 337.235066 332.378322 329.524880 327.807732 334.748675 332.874700 330.740418 331.400175 336.137299 328.596357 327.019519 326.161972 
Power: 0.274125 1.040687 0.201063 0.421563 0.001813 0.001813 0.149562 0.121313 0.001813 0.338062 0.170313 0.117188 1.185250 0.001813 0.121313 0.118750 
Tsteady: 342.322566 348.450609 341.398141 340.006711 335.690003 331.273796 330.464174 329.688342 335.071374 338.611838 336.493578 336.332073 340.849860 331.261395 329.195435 328.363627 
Temperatures: 337.321781 338.962195 334.562166 336.918410 336.583023 332.043969 329.530042 327.882690 334.158943 333.171300 330.950529 331.639967 336.700363 328.768132 327.105976 326.239092 
Power: 0.274187 1.008063 0.202625 0.426687 0.001813 0.001813 0.149562 0.101312 0.001813 0.333062 0.149562 0.100062 1.272375 0.001813 0.097437 0.100000 
Tsteady: 341.945138 347.845410 341.137162 340.030666 335.908308 331.262171 330.142612 329.036462 334.799578 338.255261 336.162231 336.302327 341.574459 331.333404 328.792661 327.791397 
Temperatures: 337.406647 339.727623 334.856054 336.909179 336.065995 331.748637 329.523148 327.914917 333.692341 333.422900 331.122785 331.840917 337.279768 328.921398 327.145083 326.276579 
Power: 0.274125 1.000875 0.211062 0.427563 0.001813 0.001813 0.150438 0.136500 0.001813 0.313437 0.161875 0.142187 1.143563 0.001813 0.121313 0.118750 
Tsteady: 341.798620 347.655747 341.122260 339.904269 335.498687 331.181766 330.509741 329.934698 334.652737 338.012172 336.170270 336.282226 340.415999 331.109232 329.174325 328.428065 
Temperatures: 337.496058 340.371512 335.158534 336.906941 335.650746 331.489747 329.510741 328.008472 333.322763 333.611649 331.319872 332.102057 337.509671 329.052621 327.229057 326.350778 
Power: 0.274187 0.996687 0.226000 0.418000 0.001813 0.001813 0.160688 0.121313 0.001813 0.316625 0.149562 0.121313 1.229313 0.001813 0.114687 0.117188 
Tsteady: 341.849756 347.715329 341.326023 340.031183 335.885240 331.450051 330.674870 329.800568 334.703827 338.079179 336.189426 336.404655 341.302549 331.444244 329.263058 328.415012 
Temperatures: 337.588915 340.921061 335.473808 336.897771 335.315111 331.265075 329.513704 328.066424 333.031280 333.789746 331.493350 332.298207 337.841229 329.165837 327.295865 326.419748 
Power: 0.274187 0.990000 0.201063 0.417312 0.001813 0.001813 0.149562 0.121313 0.001813 0.318750 0.141250 0.117188 1.209250 0.001813 0.121313 0.118750 
Tsteady: 341.591495 347.322295 340.743875 339.652948 335.583492 331.221542 330.425294 329.653248 334.504816 337.828721 335.808140 336.060496 340.914873 331.244994 329.164107 328.330365 
Temperatures: 337.683103 341.386763 335.723729 336.897901 335.044998 331.070473 329.491912 328.119674 332.802807 333.954967 331.650562 332.470800 338.068197 329.263747 327.368983 326.487351 
Power: 0.274187 0.993625 0.200625 0.426687 0.001813 0.001813 0.149562 0.114687 0.001813 0.296063 0.143875 0.118750 1.219500 0.001813 0.114687 0.117188 
Tsteady: 341.522340 347.271759 340.757216 339.784443 335.653415 331.215151 330.338303 329.476949 334.395456 337.604414 335.787184 336.125509 341.024956 331.242395 329.058023 328.213305 
Temperatures: 337.777769 341.798154 335.959920 336.923249 334.827306 330.902124 329.469806 328.156011 332.624268 334.067178 331.808944 332.632117 338.268662 329.348589 327.423489 326.547768 
Power: 0.274187 0.984625 0.223750 0.392062 0.001813 0.001813 0.134750 0.121313 0.001813 0.337062 0.149562 0.117188 1.224438 0.001813 0.121313 0.118750 
Tsteady: 341.745341 347.502378 341.048732 339.529718 335.571111 331.158159 330.215263 329.538646 334.679838 338.134408 336.056867 336.140192 341.056753 331.253095 329.100793 328.270573 
Temperatures: 337.872551 342.145074 336.222286 336.895457 334.651606 330.756752 329.422986 328.200812 332.488230 334.246009 331.974348 332.777662 338.440621 329.423236 327.485158 326.607993 
Power: 0.274187 0.990000 0.201063 0.417312 0.001813 0.001813 0.149562 0.114687 0.001813 0.318750 0.141250 0.118750 1.206187 0.001813 0.117188 0.121313 
Tsteady: 341.584706 347.314225 340.732643 339.634442 335.545543 331.167382 330.337023 329.500852 334.498280 337.821219 335.798809 336.049676 340.862777 331.192485 329.078007 328.270810 
Temperatures: 337.966805 342.463176 336.423635 336.928416 334.508937 330.631734 329.408086 328.229419 332.387216 334.374623 332.119479 332.913537 338.550769 329.487628 327.533370 326.668724 
Power: 0.274187 0.983875 0.200625 0.426687 0.001813 0.001813 0.149562 0.104188 0.001813 0.296063 0.143875 0.104188 1.172063 0.001813 0.101500 0.100000 
Tsteady: 341.290589 346.938005 340.435045 339.371397 335.149167 330.757419 329.837641 328.842817 334.204517 337.367236 335.478946 335.594627 340.234472 330.741860 328.500341 327.578707 
Temperatures: 338.059306 342.732336 336.612522 336.980653 334.391607 330.524127 329.391176 328.235629 332.311709 334.455340 332.260771 333.011333 338.583847 329.537977 327.548217 326.683396 
Power: 0.274187 0.984437 0.223750 0.392062 0.001813 0.001813 0.134750 0.121313 0.001813 0.337062 0.149562 0.117188 1.149437 0.001813 0.121313 0.118750 
Tsteady: 341.632638 347.357744 340.835607 339.193890 335.084192 330.815699 329.986313 329.362998 334.572840 337.996437 335.840212 335.734222 340.124382 330.840878 328.869055 328.102015 
Temperatures: 338.150432 342.975599 336.829747 336.974228 334.292327 330.431292 329.349256 328.271881 332.259272 334.606911 332.406098 333.122884 338.579671 329.578569 327.599636 326.735088 
Power: 0.274187 0.990000 0.201063 0.417312 0.001813 0.001813 0.149562 0.114687 0.001813 0.318750 0.141250 0.118750 1.239812 0.001813 0.114687 0.117188 
Tsteady: 341.629796 347.372238 340.820276 339.773866 335.746385 331.292216 330.393708 329.521141 334.541227 337.877206 335.888541 336.221061 341.263650 331.346307 329.117056 328.256981 
Temperatures: 338.241127 343.206428 336.989892 337.025149 334.213737 330.352469 329.340910 328.293597 332.227063 334.712994 332.531107 333.230099 338.740571 329.617791 327.635291 326.781822 
Power: 0.274187 0.993625 0.200625 0.426687 0.001813 0.001813 0.149562 0.121313 0.001813 0.296063 0.143875 0.117188 1.195188 0.001813 0.121313 0.118750 
Tsteady: 341.493272 347.233602 340.698452 339.691448 335.531064 331.172993 330.388954 329.623681 334.367859 337.567309 335.724759 335.998728 340.753848 331.175413 329.124371 328.300724 
Temperatures: 338.330833 343.418845 337.142062 337.093577 334.154941 330.286354 329.334019 328.326626 332.208592 334.775608 332.653872 333.329954 338.795855 329.654510 327.680076 326.828351 
Power: 0.274187 0.953750 0.223750 0.389500 0.001813 0.001813 0.134750 0.114687 0.001813 0.317563 0.147250 0.118750 1.229250 0.001813 0.114687 0.117188 
Tsteady: 341.287225 346.807306 340.677239 339.301725 335.436235 331.030790 330.049000 329.300340 334.315560 337.619138 335.752361 335.977861 340.973711 331.140118 328.921617 328.095496 
Temperatures: 338.416850 343.541071 337.323530 337.096288 334.109908 330.230202 329.302363 328.344369 332.201432 334.876547 332.776224 333.426294 338.904802 329.688830 327.708019 326.868305 
Power: 0.274187 1.040687 0.201063 0.421563 0.001813 0.001813 0.149562 0.121313 0.001813 0.338062 0.170375 0.117188 1.185250 0.001813 0.121313 0.118750 
Tsteady: 342.324193 348.451559 341.398880 340.007171 335.690283 331.273976 330.464302 329.688447 335.072255 338.612617 336.494611 336.332563 340.850132 331.261566 329.195557 328.363729 
Temperatures: 338.503843 343.812538 337.454048 337.166611 334.076698 330.184113 329.303359 328.373703 332.206982 335.010305 332.933485 333.515761 338.924131 329.722094 327.747901 326.910501 
Power: 0.274187 1.016438 0.202625 0.426687 0.001813 0.001813 0.149562 0.101312 0.001813 0.323313 0.149562 0.100062 1.272375 0.001813 0.097437 0.100000 
Tsteady: 341.966642 347.914830 341.154304 340.034461 335.908630 331.261625 330.141886 329.035719 334.780770 338.187389 336.146556 336.297769 341.572500 331.332183 328.791711 327.790553 
Temperatures: 338.593333 344.010285 337.587538 337.242963 334.057351 330.147102 329.303262 328.364560 332.222549 335.110583 333.040369 333.576441 339.095259 329.754417 327.742095 326.914004 
Power: 0.627750 0.818937 0.275625 0.442625 0.333625 0.328375 0.117750 0.149250 0.312688 0.253312 0.141875 0.154688 1.102937 0.014125 0.126438 0.126438 
Tsteady: 351.716692 351.358373 345.295332 344.843679 343.708261 339.152616 334.417609 332.888543 342.922495 341.743984 339.223381 339.702128 344.352141 335.212968 332.121327 330.849503 
Temperatures: 339.331433 343.873919 337.843673 337.375973 334.649231 330.712203 329.275650 328.450981 332.810837 335.104174 333.141354 333.740143 338.989409 329.841646 327.812016 326.986793 
Power: 0.275000 0.001813 0.001813 0.001813 0.434188 0.958313 0.147563 0.117188 0.189625 0.341313 0.164437 0.114687 1.258000 0.001813 0.121313 0.118750 
Tsteady: 333.327241 331.099878 331.499092 335.212399 344.105559 346.765351 337.792959 334.227544 331.425698 332.044365 331.838151 334.916146 344.752051 337.366373 333.638904 331.712219 
Temperatures: 339.305007 342.355317 337.512457 336.753096 335.354498 332.309790 329.374173 328.474607 333.092326 335.224423 333.261096 333.793242 339.210401 329.954988 327.866639 327.037719 
Power: 0.274187 0.001813 0.001813 0.001813 0.441812 0.961187 0.170000 0.119000 0.206750 0.355875 0.149562 0.114687 1.239875 0.001813 0.114687 0.114687 
Tsteady: 333.521482 331.240034 331.538772 335.246169 344.203402 346.929333 338.123001 334.411757 331.761130 332.274118 331.792355 334.887357 344.639177 337.392736 333.689175 331.753180 
Temperatures: 339.210836 341.095090 337.134754 336.261813 336.000871 333.667077 329.578021 328.508599 333.348398 335.281449 333.312835 333.819094 339.399127 330.138237 327.919312 327.079316 
Power: 0.274187 0.001813 0.001813 0.001813 0.429438 0.914750 0.161812 0.139750 0.202625 0.310000 0.150438 0.114687 1.209812 0.001813 0.114687 0.114687 
Tsteady: 333.074818 330.731134 331.080340 334.719544 343.408676 345.941968 337.643886 334.408424 331.247547 331.503829 331.322424 334.407642 343.910195 336.842034 333.357843 331.598056 
Temperatures: 339.074812 340.038644 336.739716 335.873125 336.556182 334.746675 329.802452 328.589041 333.543073 335.200022 333.334327 333.828025 339.537786 330.356326 327.984986 327.120473 
Power: 0.274187 0.001813 0.001813 0.001813 0.421563 0.972688 0.149562 0.142125 0.196063 0.349313 0.160688 0.121313 1.204000 0.001813 0.117188 0.119625 
Tsteady: 333.358809 331.104098 331.421613 335.035992 343.771654 346.809682 337.973090 334.709557 331.522945 332.107052 331.754715 334.741738 344.165844 337.222346 333.653897 331.883561 
Temperatures: 338.911022 339.145117 336.346082 335.564148 337.041973 335.780645 330.031681 328.678855 333.681259 335.163211 333.346959 333.839115 339.680335 330.597212 328.070845 327.175296 
Power: 0.274187 0.001813 0.001813 0.001813 0.401875 0.933875 0.134750 0.111250 0.222750 0.333813 0.149562 0.106438 1.185250 0.001813 0.101500 0.129062 
Tsteady: 333.310472 330.881783 331.032648 334.433164 342.797503 345.589123 336.871388 333.543640 331.653414 331.825374 331.307058 334.120216 343.380385 336.464001 332.853678 331.249259 
Temperatures: 338.729835 338.382246 335.963239 335.314414 337.445276 336.604551 330.250459 328.716792 333.829044 335.072403 333.314597 333.815846 339.794781 330.842514 328.137804 327.243023 
Power: 0.274187 0.001813 0.001813 0.001813 0.408187 0.950125 0.149562 0.136875 0.201063 0.328313 0.141250 0.139813 1.064625 0.001813 0.121313 0.118750 
Tsteady: 332.986436 330.612348 330.797222 334.209217 342.483636 345.702156 337.284110 334.127560 331.175476 331.496611 331.025930 333.932981 342.255534 336.244150 333.080072 331.409081 
Temperatures: 338.537678 337.723333 335.596066 335.110928 337.814950 337.350763 330.505918 328.811682 333.897282 334.958599 333.251198 333.841359 339.713753 331.080762 328.254006 327.291330 
Power: 0.274187 0.001813 0.001813 0.001813 0.408187 0.900375 0.141250 0.118750 0.190938 0.333875 0.161875 0.114687 1.095063 0.001813 0.114687 0.114687 
Tsteady: 332.905841 330.571927 330.746364 334.016720 342.144376 344.801923 336.557328 333.354774 331.035935 331.502824 331.100023 333.692379 342.228802 335.870385 332.599888 330.907429 
Temperatures: 338.338091 337.149286 335.249397 334.943430 338.139588 337.916722 330.745281 328.877346 333.919892 334.847510 333.212526 333.806039 339.736064 331.305084 328.360669 327.334287 
Power: 0.274187 0.001813 0.001813 0.001813 0.453188 0.957438 0.143875 0.114687 0.206750 0.298438 0.148688 0.121313 1.173563 0.001813 0.114687 0.114687 
Tsteady: 333.050704 330.688579 331.082072 334.816371 343.726645 346.368152 337.405951 333.872763 331.235706 331.386106 331.276051 334.413699 343.710729 336.856578 333.235558 331.367397 
Temperatures: 338.136712 336.644831 334.926494 334.807420 338.513577 338.522956 330.988138 328.944229 333.949320 334.673103 333.135427 333.787922 339.922853 331.528538 328.475719 327.383950 
Power: 0.274187 0.001813 0.001813 0.001813 0.394188 0.941813 0.141250 0.114687 0.186000 0.347313 0.162375 0.114687 1.226000 0.001813 0.117188 0.121313 
Tsteady: 333.164049 330.920511 331.208323 334.694889 343.108816 345.988665 337.257026 333.835666 331.264142 331.916670 331.583018 334.495566 343.986232 336.840849 333.234806 331.427978 
Temperatures: 337.935843 336.199588 334.627522 334.695892 338.752984 339.032513 331.223440 329.019802 333.921760 334.593717 333.076895 333.767677 340.185254 331.752559 328.599048 327.448867 
Power: 0.274125 0.001813 0.001813 0.001813 0.453188 0.957438 0.143875 0.121313 0.206750 0.298438 0.148750 0.117188 1.166375 0.001813 0.118750 0.114687 
Tsteady: 333.036835 330.671069 331.055287 334.776237 343.692533 346.378022 337.474454 334.023109 331.223225 331.368832 331.244782 334.340968 343.627247 336.855094 333.303883 331.443637 
Temperatures: 337.736977 335.802824 334.350997 334.604437 339.082943 339.516023 331.458894 329.114056 333.918627 334.422952 332.986629 333.758777 340.314795 331.971879 328.726975 327.504083 
Power: 0.274125 0.001813 0.001813 0.001813 0.421563 0.974500 0.149562 0.101312 0.196063 0.350875 0.162375 0.100062 1.272438 0.001813 0.097437 0.100000 
Tsteady: 333.372347 331.125200 331.451992 335.089211 343.921569 346.711553 337.466087 333.617816 331.537682 332.136091 331.784710 334.742728 344.716774 337.201722 333.157964 331.116910 
Temperatures: 337.542690 335.448383 334.096806 334.530568 339.331624 339.980962 331.697528 329.176212 333.882058 334.355570 332.920095 333.729136 340.625478 332.189371 328.819267 327.535972 
Power: 0.274125 0.001813 0.001813 0.001813 0.384375 0.917438 0.134750 0.136500 0.218500 0.300000 0.141250 0.142187 1.164313 0.001813 0.121313 0.118750 
Tsteady: 333.043349 330.594338 330.835954 334.296523 342.439245 345.330818 336.970529 333.961177 331.325258 331.336792 331.081753 334.225814 343.130463 336.377926 333.029568 331.342674 
Temperatures: 337.353434 335.128293 333.861766 334.468222 339.496318 340.294667 331.898623 329.307914 333.874366 334.193064 332.814225 333.779601 340.702812 332.393663 328.957480 327.607761 
Power: 0.274125 0.001813 0.001813 0.001813 0.408187 0.900375 0.141250 0.124750 0.190938 0.333875 0.161812 0.121313 1.156125 0.001813 0.121313 0.121313 
Tsteady: 333.023298 330.722137 330.969561 334.364244 342.622220 345.188744 336.910475 333.751018 331.149063 331.648931 331.331374 334.134548 343.072529 336.313089 332.978761 331.278107 
Temperatures: 337.169264 334.837416 333.645097 334.415556 339.687807 340.551915 332.102994 329.416302 333.803159 334.101520 332.749761 333.780229 340.773195 332.580728 329.091735 327.686785 
Power: 0.274125 0.001813 0.001813 0.001813 0.437563 0.927188 0.143875 0.118750 0.198375 0.287187 0.134750 0.131188 1.150187 0.001813 0.114687 0.117188 
Tsteady: 332.770376 330.392860 330.762672 334.442930 343.096203 345.674857 337.076243 333.721553 330.892581 331.014620 330.895821 334.134172 343.176899 336.462093 332.994959 331.231392 
Temperatures: 336.989853 334.571160 333.445378 334.373032 339.911051 340.840616 332.301825 329.515145 333.740567 333.928123 332.636259 333.794909 340.841923 332.753707 329.211018 327.758764 
Power: 0.274125 0.001813 0.001813 0.001813 0.385625 0.957812 0.141250 0.121313 0.313437 0.340375 0.149562 0.121313 1.156750 0.001813 0.121313 0.121313 
Tsteady: 334.289703 331.539055 331.432557 334.663436 342.841865 346.035386 337.323214 333.979758 333.265803 332.616330 331.730731 334.421990 343.337327 336.691052 333.258674 331.486318 
Temperatures: 336.823840 334.329286 333.262595 334.338169 340.022779 341.158940 332.489674 329.621611 333.875499 333.869315 332.559276 333.789237 340.928952 332.919875 329.342345 327.841407 
Power: 0.274187 0.001813 0.001813 0.001813 0.456188 0.951875 0.161875 0.121313 0.206750 0.308375 0.148750 0.121313 1.144375 0.001813 0.131188 0.121313 
Tsteady: 333.107443 330.750577 331.108491 334.809492 343.718924 346.464755 337.837098 334.297520 331.303046 331.506389 331.305276 334.367779 343.496601 336.923926 333.586714 331.717693 
Temperatures: 336.667994 334.108963 333.095215 334.309955 340.255752 341.438454 332.709129 329.730741 333.786459 333.753710 332.484333 333.784821 340.995901 333.079104 329.487712 327.925253 
Power: 0.274125 0.001813 0.001813 0.001813 0.394188 0.941813 0.141250 0.121313 0.186000 0.347313 0.162375 0.121313 1.094625 0.001813 0.121313 0.121313 
Tsteady: 332.991684 330.701348 330.879792 334.169487 342.317184 345.462445 336.967393 333.711641 331.100463 331.706159 331.252895 333.884923 342.417605 336.188368 332.940032 331.240922 
Temperatures: 336.513734 333.906750 332.941353 334.285541 340.350559 341.675441 332.878548 329.840047 333.664183 333.708454 332.435332 333.777994 340.978956 333.224029 329.605802 328.006832 
Power: 0.274125 0.001813 0.001813 0.001813 0.453188 0.957438 0.143875 0.121313 0.206750 0.298438 0.148750 0.121313 1.164125 0.001813 0.136313 0.126188 
Tsteady: 333.063984 330.704044 331.101144 334.843027 343.776824 346.512151 337.683269 334.256073 331.249613 331.401341 331.293059 334.428262 343.701633 337.003310 333.627467 331.773451 
Temperatures: 336.363748 333.720518 332.801009 334.265852 340.546424 341.921656 333.048415 329.949891 333.586944 333.571575 332.361319 333.773083 341.105481 333.365648 329.749380 328.100288 
Power: 0.274125 0.001813 0.001813 0.001813 0.394188 0.942000 0.141250 0.097437 0.186000 0.347313 0.162375 0.097437 1.294188 0.001813 0.126500 0.097437 
Tsteady: 333.203174 330.972685 331.290977 334.841919 343.399773 346.119412 337.172207 333.406543 331.301574 331.964797 331.655063 334.607962 344.675889 337.061625 333.246841 331.044234 
Temperatures: 336.218695 333.549141 332.673168 334.249286 340.628576 342.120247 333.206761 330.015595 333.475117 333.530819 332.314915 333.739665 341.440161 333.509902 329.865186 328.139268 
Power: 0.635000 0.361563 0.262188 0.070312 0.458188 0.746875 0.415250 0.129812 0.153000 0.229563 0.113500 0.122375 1.176125 0.010125 0.122375 0.122375 
Tsteady: 345.122670 341.813061 339.640277 339.699146 346.050505 346.889585 341.716948 336.878694 336.901188 336.473234 335.516384 337.499052 345.719635 338.356125 335.475211 333.470425 
Temperatures: 336.751516 334.055000 333.039094 334.378419 340.829169 341.988864 333.831655 330.163784 333.338894 333.307774 332.204979 333.774732 341.529693 333.669258 329.998725 328.243704 
Power: 0.274875 0.960500 0.419625 0.501875 0.005063 0.005063 0.119813 0.118063 0.230750 0.341250 0.163438 0.125500 1.181437 0.005063 0.118063 0.118063 
Tsteady: 345.188805 350.619333 345.713499 343.067579 337.195496 331.983420 330.525082 329.777484 339.497596 341.082015 338.764791 338.141532 341.925627 331.891015 329.463884 328.555213 
Temperatures: 336.629146 335.546949 333.699194 335.252739 340.193381 340.598024 333.792882 330.288445 333.374164 333.381841 332.235803 333.841129 341.592061 333.732807 330.101633 328.319133 
Power: 0.274438 1.046938 0.426687 0.149562 0.001813 0.001813 0.001813 0.114687 0.206750 0.336687 0.177437 0.114687 1.176750 0.001813 0.117188 0.121313 
Tsteady: 344.754324 350.442232 343.648604 337.523159 334.220462 329.708364 327.701617 327.950595 338.740212 340.369247 337.450955 335.742725 339.998308 330.280656 327.901439 327.285884 
Temperatures: 336.604103 336.947238 334.354558 335.354236 339.620965 339.411870 333.489371 330.377745 333.360984 333.509873 332.324880 333.900338 341.597699 333.708025 330.168678 328.391791 
Power: 0.274125 1.049000 0.401000 0.149562 0.001813 0.001813 0.001813 0.121313 0.201063 0.346438 0.167875 0.121313 1.157063 0.001813 0.118750 0.121313 
Tsteady: 344.597628 350.250165 343.199291 337.283996 334.036733 329.616246 327.692272 328.038874 338.582223 340.276757 337.190526 335.584428 339.722956 330.172464 327.879754 327.300140 
Temperatures: 336.653118 338.132409 334.923016 335.441760 339.095249 338.393617 333.186645 330.451319 333.348474 333.696282 332.420177 333.964440 341.541198 333.633409 330.209435 328.460194 
Power: 0.274125 0.997000 0.436437 0.149562 0.001813 0.001813 0.001813 0.121313 0.206750 0.305188 0.149562 0.114687 1.155312 0.001813 0.121313 0.114687 
Tsteady: 343.945357 349.248944 343.009522 337.083773 333.883313 329.501754 327.593243 327.925200 338.074309 339.415282 336.670102 335.275856 339.540623 330.056487 327.789894 327.144641 
Temperatures: 336.754266 339.051262 335.513777 335.519434 338.614752 337.514118 332.891974 330.500523 333.360224 333.829984 332.504677 334.008348 341.466524 333.524631 330.228447 328.510439 
Power: 0.277500 1.028875 0.441625 0.148000 0.001813 0.001813 0.001813 0.234687 0.211062 0.309312 0.149562 0.097437 1.254000 0.001813 0.097437 0.097437 
Tsteady: 344.590274 350.110721 343.662321 337.703143 334.748471 330.359225 328.767875 330.344733 338.584264 339.966236 337.169917 335.835691 340.912951 330.839051 328.395758 328.057225 
Temperatures: 336.900527 339.902574 336.063143 335.588964 338.184247 336.751807 332.615533 330.733226 333.393521 333.995330 332.611707 334.025363 341.553337 333.403260 330.188857 328.535182 
Power: 0.302375 0.436688 0.198313 0.025437 0.001813 0.001813 0.001813 0.150438 0.114437 0.189000 0.032688 0.121313 1.248938 0.001813 0.114687 0.114687 
Tsteady: 335.308783 335.740245 332.618686 330.618175 330.905905 327.905255 326.691832 327.599290 330.727438 331.054473 329.611430 331.152549 337.868296 328.789951 326.867600 326.523132 
Temperatures: 337.070752 339.582095 336.085835 335.417018 337.784682 336.078144 332.348981 330.763992 333.252941 333.916892 332.504970 334.068604 341.564155 333.256183 330.154512 328.577927 
Power: 0.263562 0.001813 0.001813 0.001813 0.001813 0.001813 0.001813 0.114687 0.001813 0.001813 0.001813 0.114687 1.221563 0.001813 0.117188 0.121313 
Tsteady: 326.380293 323.875872 323.962601 325.772542 328.075897 326.068228 325.224692 325.947487 323.136566 322.819436 323.776801 327.415763 335.305317 327.138616 325.624851 325.392147 
Temperatures: 337.077898 338.528262 335.688885 335.189545 337.397754 335.472973 332.082885 330.704119 332.914295 333.464496 332.329504 334.055294 341.480371 333.090405 330.100123 328.610460 
Power: 0.273000 0.001813 0.001813 0.001813 0.001813 0.001813 0.001813 0.121313 0.001813 0.001813 0.001813 0.121313 1.086688 0.001813 0.118750 0.121313 
Tsteady: 326.411092 323.744580 323.669639 325.253169 327.269472 325.523491 324.912590 325.804887 323.062850 322.662498 323.470558 326.803765 333.699318 326.461330 325.292026 325.184061 
Temperatures: 337.019578 337.615389 335.281743 334.952974 337.020268 334.929862 331.823284 330.646292 332.602271 333.028482 332.139288 334.014968 341.152221 332.914012 330.037077 328.629262 
Power: 0.273000 0.001813 0.001813 0.001813 0.001813 0.001813 0.001813 0.121313 0.001813 0.001813 0.001813 0.114687 1.214938 0.001813 0.121313 0.114687 
Tsteady: 326.582683 323.963511 323.997844 325.778228 328.064107 326.076998 325.267277 326.044479 323.226515 322.872902 323.799673 327.409990 335.250293 327.136046 325.660375 325.368901 
Temperatures: 336.903053 336.821025 334.878966 334.713837 336.660984 334.443366 331.576541 330.582245 332.315312 332.618121 331.943025 333.938629 341.088113 332.739565 329.972305 328.628253 
Power: 0.273000 0.001813 0.001813 0.001813 0.001813 0.001813 0.001813 0.252750 0.001813 0.001813 0.001813 0.121313 1.152688 0.001813 0.114687 0.114687 
Tsteady: 326.589592 323.964897 323.986510 325.748157 328.036311 326.451276 326.379027 328.774575 323.234211 322.874052 323.781487 327.337940 334.799636 327.285932 326.251559 326.527594 
Temperatures: 336.744355 336.123063 334.486182 334.474276 336.323261 334.006433 331.350567 330.749960 332.047842 332.234232 331.743661 333.860205 340.900341 332.569994 329.891582 328.630757 
Power: 0.273000 0.001813 0.001813 0.001813 0.001813 0.001813 0.001813 0.097437 0.001813 0.001813 0.001813 0.097437 1.288875 0.001813 0.097437 0.097437 
Tsteady: 326.606128 323.996609 324.054922 325.886672 328.286898 326.056696 324.923817 325.331497 323.247898 322.902485 323.848342 327.492215 335.907546 327.191112 325.249634 324.792420 
Temperatures: 336.554454 335.502946 334.105399 334.233604 336.008629 333.610865 331.137483 330.602715 331.794702 331.874850 331.541208 333.731526 340.953761 332.406525 329.775142 328.592636 
Power: 0.273000 0.001813 0.001813 0.001813 0.001813 0.001813 0.001813 0.114687 0.001813 0.001813 0.001813 0.114687 1.171062 0.001813 0.117188 0.121313 
Tsteady: 326.514590 323.876797 323.868400 325.573246 327.763942 325.848033 325.078163 325.835665 323.161501 322.789268 323.668311 327.164878 334.691700 326.870718 325.476097 325.284886 
Temperatures: 336.341915 334.946333 333.737650 333.993241 335.713055 333.250735 330.929974 330.492488 331.552399 331.537757 331.337278 333.631337 340.760229 332.248530 329.697690 328.591580 
Power: 0.273000 0.001813 0.001813 0.001813 0.001813 0.001813 0.001813 0.121313 0.001813 0.001813 0.001813 0.121313 1.116125 0.001813 0.118750 0.121313 
Tsteady: 326.454579 323.800092 323.752710 325.384687 327.460423 325.657805 325.002381 325.873770 323.104365 322.716096 323.555226 326.962884 334.065135 326.623034 325.382917 325.250164 
Temperatures: 336.113623 334.442287 333.383784 333.755116 335.426235 332.920783 330.731464 330.396557 331.318802 331.221065 331.134283 333.526388 340.486149 332.088960 329.619540 328.580192 
Power: 0.273000 0.001813 0.001813 0.001813 0.001813 0.001813 0.001813 0.121313 0.001813 0.001813 0.001813 0.114687 1.116188 0.001813 0.121313 0.114687 
Tsteady: 326.436805 323.777293 323.719175 325.337043 327.423549 325.626433 324.966065 325.813405 323.087250 322.693104 323.515647 326.876216 334.023136 326.593600 325.355478 325.147154 
Temperatures: 335.875112 333.982428 333.044361 333.519372 335.147442 332.616544 330.542414 330.300938 331.092713 330.923155 330.932908 333.394696 340.243688 331.929312 329.542483 328.549330 
