225275 2095419 2095419 34535 34535 2095459 17983326 34535 34535 2125304 2125304 34535 34535 34535 34535 34540
813988 2088366 2088374 34375 34375 2088324 15032940 34375 34375 2058481 2058481 34375 34375 34375 34375 34375
813988 2058481 2058470 34375 34375 2088366 15663764 34375 34375 2088366 2088366 34375 34375 34375 34375 34375
813988 2088366 2088374 34375 34375 2426488 16066618 34375 34375 2058481 2058494 34375 34375 34375 34375 34375
813988 2058503 2058470 34375 34375 2088383 14255651 34375 34375 2088366 2088350 34375 34375 34375 34375 34375
813988 2088341 2088366 34375 34375 2058461 13475706 34375 34375 2088366 2088366 34375 34375 34375 34375 34375
813988 2058485 2058481 34375 34375 2088366 14622938 34375 34375 2058481 2058481 34375 34375 34375 34375 34375
813988 2088359 2088366 34375 34375 2058481 15463826 34375 34375 2058494 2188789 34375 34375 34375 34375 34375
813988 2380879 2380887 34375 34375 2380879 13151170 34375 34375 2380863 2647323 34375 34375 34375 34375 34375
639698 2058481 2058470 34375 34375 2058494 13592925 34375 34375 2088366 2058461 34375 34375 34375 34375 34375
813988 2088366 2088366 34375 34375 2088350 14828677 34375 34375 2058481 2058481 34375 34375 34375 34375 34375
813988 2058481 2058481 34375 34375 2058511 15431591 34375 34375 2088366 2088366 34375 34375 34375 34375 34375
813988 2088366 2058485 34375 34375 2088333 14271344 34375 34375 2058481 2058481 34375 34375 34375 34375 34375
813988 2058481 2088359 34375 34375 2058485 14417802 34375 34375 2088368 2088366 34375 34375 34375 34375 34375
813988 2088366 2088374 34375 34375 2088359 15655523 34375 34375 2058476 2058494 34375 34375 34375 34375 34375
813988 2058481 2058470 34375 34375 2058481 13122792 34375 34375 2058481 2088370 34375 34375 34375 34375 34375
813988 2058485 2058481 34375 34375 2088366 14060648 34375 34375 2088366 2058461 34375 34375 34375 34375 34375
813988 2058474 2058481 34375 34375 2058483 12507504 34375 34375 2058481 2058481 34375 34375 34375 34375 34375
812481 2058481 2058481 34375 34375 2054596 12312988 34375 34375 2058481 2058481 34375 34375 34375 34375 34375
636887 2088366 2088366 34375 34375 2088366 15048869 34375 34375 2058481 2058481 34375 34375 34375 34375 34375
813988 2380879 2380879 34375 34375 2380879 14624425 34375 34375 2380879 2382386 34375 34375 34375 34375 34375
639698 2058481 2058481 34375 34375 2058481 12312997 34375 34375 2088366 2058481 34375 34375 34375 34375 34375
813988 2058481 2058481 34375 34375 2058481 13549643 34375 34375 2426488 2058481 34375 34375 34375 34375 34375
813988 2058481 2058481 34375 34375 2088366 13151168 34375 34375 2058481 2058481 34375 34375 34375 34375 34375
813988 1772316 1844257 200317 34375 1677685 11190634 34375 34375 1654773 1283560 34375 34375 34375 34375 34375
