199408 511343 511343 8668 8668 512869 6519693 8668 8668 512850 512850 8668 8668 8668 8668 8672
771720 200514 155897 8593 8593 155877 2208915 8593 8593 155897 155897 8593 8593 8593 8593 8593
769057 844003 477504 8593 8593 475997 3016404 8593 8593 475997 475997 8593 8593 8593 8593 8593
771720 475997 475997 8593 8593 475997 3014897 8593 8593 475997 477504 8593 8593 8593 8593 8593
595924 475997 475997 8593 8593 475997 5018358 8593 8593 475997 504374 8593 8593 8593 8593 8593
771720 475997 475997 8593 8593 475997 4223064 8593 8593 475997 844038 8593 8593 8593 8593 8593
597431 475997 475997 8593 8593 475997 3032625 8593 8593 476012 475970 8593 8593 8593 8593 8593
771720 475997 475997 8593 8593 476036 3002784 8593 8593 477526 475986 8593 8593 8593 8593 8593
595924 476028 475997 8593 8593 477491 2842548 8593 8593 475959 475997 8593 8593 8593 8593 8593
595924 477471 436983 8593 8593 475968 2812414 8593 8593 475997 477539 8593 8593 8593 8593 8593
597431 155897 606008 8593 8593 155897 3648718 8593 8593 173654 155859 8593 8593 8593 8593 8593
770564 475997 475997 8593 8593 476028 3812578 8593 8593 476014 475997 8593 8593 8593 8593 8593
595924 475997 475997 8593 8593 475970 3619051 8593 8593 475968 475997 8593 8593 8593 8593 8593
771720 475997 475997 8593 8593 477526 4384562 8593 8593 475997 475997 8593 8593 8593 8593 8593
771720 475997 475997 8593 8593 474468 5606029 8593 8593 475997 475997 8593 8593 8593 8593 8593
771720 475997 475997 8593 8593 505874 3401464 8593 8593 475997 475997 8593 8593 8593 8593 8593
771720 477515 475997 8593 8593 844003 2842570 8593 8593 475997 475997 8593 8593 8593 8593 8593
771720 475986 477504 8593 8593 475997 2636530 8593 8593 475997 476036 8593 8593 8593 8593 8593
595924 155897 155897 8593 8593 155897 3238903 8593 8593 200514 307932 8593 8593 8593 8593 8593
594619 475997 475997 8593 8593 477539 3648762 8593 8593 844003 720581 8593 8593 8593 8593 8593
771720 477532 476028 8593 8593 475959 3251074 8593 8593 475997 475997 8593 8593 8593 8593 8593
771720 475968 477473 8593 8593 475997 2636475 8593 8593 475997 475997 8593 8593 8593 8593 8593
595924 475997 475995 8593 8593 475997 3044783 8593 8593 475997 477506 8593 8593 8593 8593 8593
771720 475997 475997 8593 8593 475997 4058543 8593 8593 477504 475995 8593 8593 8593 8593 8593
771720 476028 475997 8593 8593 477532 3872802 8593 8593 475997 475997 8593 8593 8593 8593 8593
595924 477482 475997 8593 8593 475968 2811694 8593 8593 475997 475997 8593 8593 8593 8593 8593
595924 475986 477524 8593 8593 475997 2813238 8593 8593 475997 476019 8593 8593 8593 8593 8593
595924 155912 155877 8593 8593 283907 3841706 8593 8593 377075 487541 8593 8593 8593 8593 8593
771720 476006 475997 8593 8593 743235 4384549 8593 8593 651406 541429 8593 8593 8593 8593 8593
771720 477508 475997 8593 8593 475977 5396997 8593 8593 475997 475997 8593 8593 8593 8593 8593
771720 475968 475997 8593 8593 475997 3222670 8593 8593 475997 475997 8593 8593 8593 8593 8593
771720 475997 477504 8593 8593 475997 3268827 8593 8593 505881 477504 8593 8593 8593 8593 8593
597431 475997 475997 8593 8593 475997 2812883 8593 8593 826272 475997 8593 8593 8593 8593 8593
770213 475997 475997 8593 8593 475997 2441661 8593 8593 475997 475997 8593 8593 8593 8593 8593
595924 475997 475997 8593 8593 475997 3210554 8593 8593 505865 475997 8593 8593 8593 8593 8593
771720 475997 475997 8593 8593 476028 4312262 8593 8593 844031 475997 8593 8593 8593 8593 8593
597431 155897 155897 8593 8593 173610 2605079 8593 8593 155868 155897 8593 8593 8593 8593 8593
769057 475997 475997 8593 8593 476008 2842570 8593 8593 475997 475997 8593 8593 8593 8593 8593
595924 477515 475997 8593 8593 475986 2842557 8593 8593 475997 475997 8593 8593 8593 8593 8593
595924 475986 477504 8593 8593 475997 4018018 8593 8593 475997 475997 8593 8593 8593 8593 8593
771720 475997 476008 8593 8593 475997 3222721 8593 8593 475997 476012 8593 8593 8593 8593 8593
595924 475997 475986 8593 8593 475997 2208915 8593 8593 475997 475981 8593 8593 8593 8593 8593
595924 475997 475997 8593 8593 475997 2635029 8593 8593 476028 477504 8593 8593 8593 8593 8593
595924 475997 475997 8593 8593 475997 2798326 8593 8593 475997 476025 8593 8593 8593 8593 8593
771720 302588 155897 8593 8593 394600 3812518 8593 8593 487532 475968 8593 8593 8593 8593 8593
771720 739410 477504 8593 8593 631934 3650230 8593 8593 541429 155897 8593 8593 8593 8593 8593
771720 475997 475997 8593 8593 475997 2413323 8593 8593 475997 477539 8593 8593 8593 8593 8593
595924 475997 475997 8593 8593 475997 2812834 8593 8593 475997 474452 8593 8593 8593 8593 8593
595924 475997 475997 8593 8593 475997 2441661 8593 8593 475997 477504 8593 8593 8593 8593 8593
595924 475997 475997 8593 8593 475997 2812876 8593 8593 476003 475997 8593 8593 8593 8593 8593
595924 475997 475997 8593 8593 476036 2441696 8593 8593 477497 475997 8593 8593 8593 8593 8593
595924 475997 475997 8593 8593 475988 2664636 8593 8593 476025 475997 8593 8593 8593 8593 8593
595924 476003 475997 8593 8593 477471 2588842 8593 8593 475968 475997 8593 8593 8593 8593 8593
595924 173636 173643 8593 8593 155897 3268820 8593 8593 155897 200514 8593 8593 8593 8593 8593
594619 475997 475997 8593 8593 475997 4074802 8593 8593 477515 844003 8593 8593 8593 8593 8593
771720 475997 475997 8593 8593 475997 2208919 8593 8593 475986 475997 8593 8593 8593 8593 8593
595924 505881 475997 8593 8593 477504 2648401 8593 8593 475997 475997 8593 8593 8593 8593 8593
595924 844003 477515 8593 8593 475997 2636519 8593 8593 475997 475997 8593 8593 8593 8593 8593
771720 475997 475986 8593 8593 475997 5224666 8593 8593 476019 477524 8593 8593 8593 8593 8593
771720 475997 475997 8593 8593 476028 3650036 8593 8593 477508 475977 8593 8593 8593 8593 8593
595924 475997 475997 8593 8593 475970 2208900 8593 8593 475968 475997 8593 8593 8593 8593 8593
595924 477504 475997 8593 8593 477497 3074663 8593 8593 475997 475997 8593 8593 8593 8593 8593
595924 155897 173643 8593 8593 155897 2648421 8593 8593 155919 265591 8593 8593 8593 8593 8593
594619 475997 475997 8593 8593 477539 3650042 8593 8593 477480 760740 8593 8593 8593 8593 8593
771720 476036 475997 8593 8593 475997 2237317 8593 8593 475997 475997 8593 8593 8593 8593 8593
595924 477464 476003 8593 8593 475959 4384499 8593 8593 475997 475997 8593 8593 8593 8593 8593
771720 475995 477497 8593 8593 475997 3016426 8593 8593 475997 476028 8593 8593 8593 8593 8593
595924 475997 475997 8593 8593 475997 5030476 8593 8593 476003 477473 8593 8593 8593 8593 8593
771720 475997 475997 8593 8593 475997 2443157 8593 8593 475990 475995 8593 8593 8593 8593 8593
595924 475997 475997 8593 8593 475997 3002806 8593 8593 476036 476032 8593 8593 8593 8593 8593
595924 475997 475997 8593 8593 476019 3044765 8593 8593 477482 475959 8593 8593 8593 8593 8593
595924 173678 155936 8593 8593 173619 3251096 8593 8593 155877 155897 8593 8593 8593 8593 8593
594619 475959 505839 8593 8593 475997 4182814 8593 8593 475997 475997 8593 8593 8593 8593 8593
771720 475997 844005 8593 8593 475997 3474445 8593 8593 475997 476003 8593 8593 8593 8593 8593
771720 475997 475995 8593 8593 475997 5396984 8593 8593 475997 475990 8593 8593 8593 8593 8593
771720 475997 475997 8593 8593 475997 5224653 8593 8593 475997 477504 8593 8593 8593 8593 8593
771720 475997 475997 8593 8593 475997 3210574 8593 8593 475997 476008 8593 8593 8593 8593 8593
595924 475997 475997 8593 8593 475997 2635018 8593 8593 475997 476014 8593 8593 8593 8593 8593
595924 475997 476017 8593 8593 475997 2798311 8593 8593 475997 474461 8593 8593 8593 8593 8593
597431 155897 155877 8593 8593 155897 2413260 8593 8593 155897 155897 8593 8593 8593 8593 8593
594619 475997 475997 8593 8593 475997 2441661 8593 8593 477504 477504 8593 8593 8593 8593 8593
595924 475997 475997 8593 8593 475997 3414914 8593 8593 474496 475997 8593 8593 8593 8593 8593
771720 475997 475997 8593 8593 475997 3014899 8593 8593 475997 475997 8593 8593 8593 8593 8593
771720 475997 475997 8593 8593 505881 2812869 8593 8593 477497 475997 8593 8593 8593 8593 8593
595924 476028 475997 8593 8593 844003 4812907 8593 8593 475997 475997 8593 8593 8593 8593 8593
771720 477471 475997 8593 8593 475997 2870903 8593 8593 475997 475997 8593 8593 8593 8593 8593
595924 475997 477524 8593 8593 475997 4623502 8593 8593 475997 475997 8593 8593 8593 8593 8593
771720 475997 461971 8593 8593 475997 3002766 8593 8593 475997 476028 8593 8593 8593 8593 8593
595924 155897 563624 8593 8593 155897 3238914 8593 8593 173643 173610 8593 8593 8593 8593 8593
770213 475997 475997 8593 8593 477504 2441659 8593 8593 475997 475997 8593 8593 8593 8593 8593
595924 477504 477506 8593 8593 475997 4623484 8593 8593 475997 475997 8593 8593 8593 8593 8593
771720 475997 475995 8593 8593 475997 2441654 8593 8593 475997 477504 8593 8593 8593 8593 8593
595924 475997 475997 8593 8593 475997 5018378 8593 8593 476012 476008 8593 8593 8593 8593 8593
771720 475997 475997 8593 8593 475997 5224631 8593 8593 505865 475986 8593 8593 8593 8593 8593
771720 475997 475997 8593 8593 475997 5413237 8593 8593 826263 475997 8593 8593 8593 8593 8593
597080 475997 475997 8593 8593 475997 2782107 8593 8593 475990 474521 8593 8593 8593 8593 8593
771720 155897 155897 8593 8593 155897 3238912 8593 8593 205901 325466 8593 8593 8593 8593 8593
594619 475997 475997 8593 8593 476003 2441663 8593 8593 824750 716701 8593 8593 8593 8593 8593
771720 475997 475997 8593 8593 505874 3636579 8593 8593 475997 475997 8593 8593 8593 8593 8593
771720 475997 475997 8593 8593 844023 2635023 8593 8593 475997 475997 8593 8593 8593 8593 8593
771720 476028 475997 8593 8593 475977 3414918 8593 8593 475997 475997 8593 8593 8593 8593 8593
771720 477473 476003 8593 8593 475997 3194304 8593 8593 475997 475997 8593 8593 8593 8593 8593
595924 475995 477497 8593 8593 475997 2813253 8593 8593 475997 476036 8593 8593 8593 8593 8593
595924 475997 475997 8593 8593 475997 4074751 8593 8593 476003 477462 8593 8593 8593 8593 8593
771720 475997 475997 8593 8593 476036 3474476 8593 8593 477535 475997 8593 8593 8593 8593 8593
771720 155928 155897 8593 8593 173630 2588868 8593 8593 155859 155897 8593 8593 8593 8593 8593
594619 477471 505881 8593 8593 475968 3989618 8593 8593 475997 475997 8593 8593 8593 8593 8593
771720 475997 844005 8593 8593 475997 5000615 8593 8593 475997 475997 8593 8593 8593 8593 8593
597080 475997 475995 8593 8593 475997 3456959 8593 8593 475997 476028 8593 8593 8593 8593 8593
771720 475997 474505 8593 8593 475997 2870914 8593 8593 475997 475964 8593 8593 8593 8593 8593
597431 475997 477491 8593 8593 475997 5195120 8593 8593 475997 476003 8593 8593 8593 8593 8593
771720 475997 475995 8593 8593 475997 4622001 8593 8593 475997 477535 8593 8593 8593 8593 8593
771720 475997 475997 8593 8593 475997 4384494 8593 8593 475997 475959 8593 8593 8593 8593 8593
771720 155912 155897 11618 8593 261509 4678740 8593 8593 618757 250656 8593 8593 8593 8593 8593
