199408 1209237 1058257 8668 8668 1313127 2748225 8668 8668 6992304 2545410 8668 8668 8668 8668 8672
776904 1202843 882873 8593 8593 978436 1229559 8593 8593 5493862 1152080 8593 8593 8593 8593 8593
776904 1026916 882893 8593 8593 1335607 1229559 8593 8593 6053330 1559139 8593 8593 8593 8593 8593
776904 1005327 798217 8593 8593 1026896 1131398 8593 8593 5492532 1229559 8593 8593 8593 8593 8593
603257 940691 882829 8593 8593 1026916 1575940 8593 8593 8026450 1229559 8593 8593 8593 8593 8593
776904 1026914 882873 8593 8593 973049 1229559 8593 8593 5469978 1145186 8593 8593 8593 8593 8593
601750 1026916 882893 8593 8593 1340993 1229559 8593 8593 6059508 1566032 8593 8593 8593 8593 8593
776904 1005327 798217 8593 8593 1026896 1131398 8593 8593 5492532 1229559 8593 8593 8593 8593 8593
603257 940691 882829 8593 8593 1026916 1577447 8593 8593 8026450 1229559 8593 8593 8593 8593 8593
776904 1026914 882873 8593 8593 973049 1229559 8593 8593 5469978 1141306 8593 8593 8593 8593 8593
601750 1026916 882893 8593 8593 1340993 1229559 8593 8593 6059508 1566032 8593 8593 8593 8593 8593
776904 1005327 798217 8593 8593 1026896 1131398 8593 8593 5492532 1229559 8593 8593 8593 8593 8593
603257 940691 882829 8593 8593 1026916 1577447 8593 8593 8026450 1229559 8593 8593 8593 8593 8593
776904 1026914 882873 8593 8593 973049 1229559 8593 8593 5469978 1145186 8593 8593 8593 8593 8593
601750 1026916 882893 8593 8593 1340993 1229559 8593 8593 6059508 1566032 8593 8593 8593 8593 8593
776904 1005327 798217 8593 8593 1026896 1131398 8593 8593 5492532 1229559 8593 8593 8593 8593 8593
603257 940691 882829 8593 8593 1026916 1579820 8593 8593 8026450 1229559 8593 8593 8593 8593 8593
776904 1026914 882873 8593 8593 973049 1229559 8593 8593 5469978 1145186 8593 8593 8593 8593 8593
601750 1026916 882893 8593 8593 1340993 1229559 8593 8593 6059508 1563660 8593 8593 8593 8593 8593
776904 1005321 798208 8593 8593 1026896 1138292 8593 8593 5500291 1229559 8593 8593 8593 8593 8593
601750 940698 882838 8593 8593 1026916 1570553 8593 8593 8017184 1229559 8593 8593 8593 8593 8593
776904 1026929 882884 8593 8593 956889 1229559 8593 8593 5457623 1131398 8593 8593 8593 8593 8593
601750 1026900 882882 8593 8593 1357154 1229559 8593 8593 6071072 1579820 8593 8593 8593 8593 8593
776904 1005327 798217 8593 8593 1026896 1131398 8593 8593 5492532 1229559 8593 8593 8593 8593 8593
603257 940691 882829 8593 8593 1026916 1575940 8593 8593 8026450 1229559 8593 8593 8593 8593 8593
776904 1026914 882873 8593 8593 973049 1229559 8593 8593 5469978 1141306 8593 8593 8593 8593 8593
601750 1026916 882893 8593 8593 1340993 1229559 8593 8593 6059508 1566032 8593 8593 8593 8593 8593
776904 1005327 798217 8593 8593 1026896 1099141 8593 8593 5492532 1229559 8593 8593 8593 8593 8593
776904 940691 882829 8593 8593 1026916 1229559 8593 8593 8026450 1229559 8593 8593 8593 8593 8593
776904 1026920 882875 8593 8593 966155 1229559 8593 8593 7218003 1145186 8593 8593 8593 8593 8593
776904 1026909 882890 8593 8593 1350260 1229559 8593 8593 6075526 1566032 8593 8593 8593 8593 8593
776904 1005290 798173 8593 8593 1026896 1099141 8593 8593 5485638 1229559 8593 8593 8593 8593 8593
776904 940729 882873 8593 8593 1026916 1229559 8593 8593 8031837 1229559 8593 8593 8593 8593 8593
776904 1026920 882875 8593 8593 966155 1229559 8593 8593 7218003 1145186 8593 8593 8593 8593 8593
776904 1026909 882890 8593 8593 1350260 1229559 8593 8593 6075526 1563660 8593 8593 8593 8593 8593
776904 1005327 798217 8593 8593 1026896 1131398 8593 8593 5492532 1229559 8593 8593 8593 8593 8593
603257 940691 882829 8593 8593 1026916 1577447 8593 8593 8026450 1229559 8593 8593 8593 8593 8593
776904 1026914 882873 8593 8593 973049 1229559 8593 8593 5469978 1145186 8593 8593 8593 8593 8593
601750 1026916 882893 8593 8593 1340993 1229559 8593 8593 6059508 1562153 8593 8593 8593 8593 8593
776904 1005327 798217 8593 8593 1026896 1131398 8593 8593 5492532 1229559 8593 8593 8593 8593 8593
603257 940691 882829 8593 8593 1026916 1577447 8593 8593 8026450 1229559 8593 8593 8593 8593 8593
776904 1026914 882873 8593 8593 973049 1229559 8593 8593 5469978 1141306 8593 8593 8593 8593 8593
601750 1026916 882893 8593 8593 1340993 1229559 8593 8593 6059508 1566032 8593 8593 8593 8593 8593
776904 1005327 798217 8593 8593 1026896 1131398 8593 8593 5492532 1229559 8593 8593 8593 8593 8593
603257 940691 882829 8593 8593 1026916 1579820 8593 8593 8026450 1229559 8593 8593 8593 8593 8593
776904 1026914 882873 8593 8593 973049 1229559 8593 8593 5469978 1145186 8593 8593 8593 8593 8593
601750 1026916 882893 8593 8593 1340993 1229559 8593 8593 6059508 1566032 8593 8593 8593 8593 8593
776904 1005327 798217 8593 8593 1026896 1131398 8593 8593 5492532 1229559 8593 8593 8593 8593 8593
603257 940691 882829 8593 8593 1026916 1579820 8593 8593 8026450 1229559 8593 8593 8593 8593 8593
776904 1026914 882873 8593 8593 973049 1229559 8593 8593 5469978 1145186 8593 8593 8593 8593 8593
601750 1026916 882893 8593 8593 1340993 1229559 8593 8593 6059508 1563660 8593 8593 8593 8593 8593
776904 1005321 798208 8593 8593 1026896 1138292 8593 8593 5500291 1229559 8593 8593 8593 8593 8593
601750 940698 882838 8593 8593 1026916 1572926 8593 8593 8017184 1229559 8593 8593 8593 8593 8593
776904 1026929 882884 8593 8593 956889 1229559 8593 8593 5457623 1131398 8593 8593 8593 8593 8593
601750 1026900 882882 8593 8593 1357154 1229559 8593 8593 6071072 1579820 8593 8593 8593 8593 8593
776904 1005327 798217 8593 8593 1026896 1131398 8593 8593 5492532 1229559 8593 8593 8593 8593 8593
603257 940691 882829 8593 8593 1026916 1577447 8593 8593 8026450 1229559 8593 8593 8593 8593 8593
776904 1026914 882873 8593 8593 973049 1229559 8593 8593 5469978 1145186 8593 8593 8593 8593 8593
601750 1026916 882893 8593 8593 1340993 1229559 8593 8593 6059508 1566032 8593 8593 8593 8593 8593
776904 1005327 798217 8593 8593 1026896 1131398 8593 8593 5492532 1229559 8593 8593 8593 8593 8593
603257 940691 882829 8593 8593 1026916 1579820 8593 8593 8026450 1229559 8593 8593 8593 8593 8593
776904 1026914 882873 8593 8593 973049 1229559 8593 8593 5469978 1141306 8593 8593 8593 8593 8593
601750 1026916 882893 8593 8593 1340993 1229559 8593 8593 6059508 1566032 8593 8593 8593 8593 8593
776904 1005327 798217 8593 8593 1026896 1131398 8593 8593 5492532 1229559 8593 8593 8593 8593 8593
603257 940691 882829 8593 8593 1026916 1579820 8593 8593 8026450 1229559 8593 8593 8593 8593 8593
776904 1026914 882873 8593 8593 973049 1229559 8593 8593 5469978 1145186 8593 8593 8593 8593 8593
601750 1026916 882893 8593 8593 1340993 1229559 8593 8593 6059508 1566032 8593 8593 8593 8593 8593
776904 1005321 798208 8593 8593 1026896 1138292 8593 8593 5500291 1229559 8593 8593 8593 8593 8593
601750 940698 882838 8593 8593 1026916 1572926 8593 8593 8017184 1229559 8593 8593 8593 8593 8593
776904 1026929 882884 8593 8593 956889 1229559 8593 8593 5457623 1131398 8593 8593 8593 8593 8593
601750 1026900 882882 8593 8593 1357154 1229559 8593 8593 6071072 1575940 8593 8593 8593 8593 8593
776904 1005327 798217 8593 8593 1026896 1131398 8593 8593 5492532 1229559 8593 8593 8593 8593 8593
603257 940691 882829 8593 8593 1026916 1577447 8593 8593 8026450 1229559 8593 8593 8593 8593 8593
776904 1026914 882873 8593 8593 973049 1229559 8593 8593 5469978 1145186 8593 8593 8593 8593 8593
601750 1026916 882893 8593 8593 1340993 1229559 8593 8593 6059508 1566032 8593 8593 8593 8593 8593
776904 1005327 798217 8593 8593 1026896 1131398 8593 8593 5492532 1229559 8593 8593 8593 8593 8593
603257 940691 882829 8593 8593 1026916 1579820 8593 8593 8026450 1229559 8593 8593 8593 8593 8593
776904 1026914 882873 8593 8593 973049 1229559 8593 8593 5469978 1141306 8593 8593 8593 8593 8593
601750 1026916 882893 8593 8593 1340993 1229559 8593 8593 6059508 1566032 8593 8593 8593 8593 8593
776904 1005327 798217 8593 8593 1026896 1131398 8593 8593 5492532 1229559 8593 8593 8593 8593 8593
603257 940691 882829 8593 8593 1026916 1579820 8593 8593 8026450 1229559 8593 8593 8593 8593 8593
776904 1026914 882873 8593 8593 973049 1229559 8593 8593 5469978 1145186 8593 8593 8593 8593 8593
601750 1026916 882893 8593 8593 1340993 1229559 8593 8593 6059508 1566032 8593 8593 8593 8593 8593
776904 1005321 798208 8593 8593 1026896 1138292 8593 8593 5500291 1229559 8593 8593 8593 8593 8593
601750 940698 882838 8593 8593 1026916 1572926 8593 8593 8017184 1229559 8593 8593 8593 8593 8593
776904 1026929 882884 8593 8593 956889 1229559 8593 8593 5457623 1131398 8593 8593 8593 8593 8593
601750 1026900 882882 8593 8593 1357154 1229559 8593 8593 6071072 1575940 8593 8593 8593 8593 8593
776904 1005327 798217 8593 8593 1026896 1131398 8593 8593 5492532 1229559 8593 8593 8593 8593 8593
603257 940691 882829 8593 8593 1026916 1577447 8593 8593 8026450 1229559 8593 8593 8593 8593 8593
776904 1026914 882873 8593 8593 973049 1229559 8593 8593 5469978 1145186 8593 8593 8593 8593 8593
601750 1026916 882893 8593 8593 1340993 1229559 8593 8593 6059508 1566032 8593 8593 8593 8593 8593
776904 1005327 798217 8593 8593 1026896 1131398 8593 8593 5492532 1229559 8593 8593 8593 8593 8593
603257 940691 882829 8593 8593 1026916 1579820 8593 8593 8026450 1229559 8593 8593 8593 8593 8593
776904 1026914 882873 8593 8593 973049 1229559 8593 8593 5469978 1141306 8593 8593 8593 8593 8593
601750 1026916 882893 8593 8593 1340993 1229559 8593 8593 6059508 1566032 8593 8593 8593 8593 8593
776904 1005327 798217 8593 8593 1026896 1131398 8593 8593 5492532 1229559 8593 8593 8593 8593 8593
603257 940691 882829 8593 8593 1026916 1579820 8593 8593 8026450 1229559 8593 8593 8593 8593 8593
776904 1026914 882873 8593 8593 973049 1229559 8593 8593 5469978 1145186 8593 8593 8593 8593 8593
601750 1026916 882893 8593 8593 1340993 1229559 8593 8593 6059508 1566032 8593 8593 8593 8593 8593
776904 1005321 798208 8593 8593 1026896 1138292 8593 8593 5500291 1229559 8593 8593 8593 8593 8593
601750 940698 882838 8593 8593 1026916 1572926 8593 8593 8017184 1229559 8593 8593 8593 8593 8593
776904 1026929 882884 8593 8593 956889 1229559 8593 8593 5457623 1131398 8593 8593 8593 8593 8593
601750 1026900 882882 8593 8593 1357154 1229559 8593 8593 6071072 1575940 8593 8593 8593 8593 8593
776904 1005327 798217 8593 8593 1026896 1131398 8593 8593 5492532 1229559 8593 8593 8593 8593 8593
603257 940691 882829 8593 8593 1026916 1577447 8593 8593 8026450 1229559 8593 8593 8593 8593 8593
776904 1026914 882873 8593 8593 973049 1229559 8593 8593 5469978 1145186 8593 8593 8593 8593 8593
601750 1026916 882893 8593 8593 1340993 1229559 8593 8593 6059508 1566032 8593 8593 8593 8593 8593
776904 1005327 798217 8593 8593 1026896 1131398 8593 8593 5492532 1229559 8593 8593 8593 8593 8593
603257 940691 882829 8593 8593 1026916 1579820 8593 8593 8026450 1229559 8593 8593 8593 8593 8593
776904 1026914 882873 8593 8593 973049 1229559 8593 8593 5469978 1141306 8593 8593 8593 8593 8593
601750 1026916 882893 8593 8593 1340993 1229559 8593 8593 6059508 1566032 8593 8593 8593 8593 8593
776904 1005327 798217 8593 8593 1026896 1131398 8593 8593 5492532 1229559 8593 8593 8593 8593 8593
603257 940691 882829 8593 8593 1026916 1579820 8593 8593 8026450 1229559 8593 8593 8593 8593 8593
776904 1026914 882873 8593 8593 973049 1229559 8593 8593 5469978 1145186 8593 8593 8593 8593 8593
601750 1026916 882893 8593 8593 1340993 1229559 8593 8593 6059508 1566032 8593 8593 8593 8593 8593
776904 1005321 798208 8593 8593 1026896 1138292 8593 8593 5500291 1229559 8593 8593 8593 8593 8593
601750 940698 882838 8593 8593 1026916 1572926 8593 8593 8017184 1229559 8593 8593 8593 8593 8593
776904 1026929 882884 8593 8593 956889 1229559 8593 8593 5457623 1131398 8593 8593 8593 8593 8593
601750 1026900 882882 8593 8593 1357154 1229559 8593 8593 6071072 1575940 8593 8593 8593 8593 8593
776904 1005327 798217 8593 8593 1026896 1131398 8593 8593 5492532 1229559 8593 8593 8593 8593 8593
603257 940691 882829 8593 8593 1026916 1577447 8593 8593 8026450 1229559 8593 8593 8593 8593 8593
776904 1026914 882873 8593 8593 973049 1229559 8593 8593 5469978 1145186 8593 8593 8593 8593 8593
601750 1026916 882893 8593 8593 1340993 1229559 8593 8593 6059508 1566032 8593 8593 8593 8593 8593
776904 1005327 798217 8593 8593 1026896 1131398 8593 8593 5492532 1229559 8593 8593 8593 8593 8593
603257 940691 882829 8593 8593 1026916 1579820 8593 8593 8026450 1229559 8593 8593 8593 8593 8593
776904 1026914 882873 8593 8593 973049 1229559 8593 8593 5469978 1141306 8593 8593 8593 8593 8593
601750 1026916 882893 8593 8593 1340993 1229559 8593 8593 6059508 1566032 8593 8593 8593 8593 8593
776904 1005327 798217 8593 8593 1026896 1131398 8593 8593 5492532 1229559 8593 8593 8593 8593 8593
603257 940691 882829 8593 8593 1026916 1579820 8593 8593 8026450 1229559 8593 8593 8593 8593 8593
776904 1026914 882873 8593 8593 973049 1229559 8593 8593 5469978 1145186 8593 8593 8593 8593 8593
601750 1026916 882893 8593 8593 1340993 1229559 8593 8593 6059508 1566032 8593 8593 8593 8593 8593
776904 1005321 798208 8593 8593 1026896 1138292 8593 8593 5500291 1229559 8593 8593 8593 8593 8593
601750 940698 882838 8593 8593 1026916 1572926 8593 8593 8017184 1229559 8593 8593 8593 8593 8593
776904 1026929 882884 8593 8593 956889 1229559 8593 8593 5457623 1131398 8593 8593 8593 8593 8593
601750 1026900 882882 8593 8593 1357154 1229559 8593 8593 6071072 1575940 8593 8593 8593 8593 8593
776904 1005327 798217 8593 8593 1026896 1131398 8593 8593 5492532 1229559 8593 8593 8593 8593 8593
603257 940691 882829 8593 8593 1026916 1577447 8593 8593 8026450 1229559 8593 8593 8593 8593 8593
776904 1026914 882873 8593 8593 973049 1229559 8593 8593 5469978 1145186 8593 8593 8593 8593 8593
601750 1026916 882893 8593 8593 1340993 1229559 8593 8593 6059508 1566032 8593 8593 8593 8593 8593
776904 1005327 798217 8593 8593 1026896 1131398 8593 8593 5492532 1229559 8593 8593 8593 8593 8593
603257 940691 882829 8593 8593 1026916 1579820 8593 8593 8026450 1229559 8593 8593 8593 8593 8593
776904 1026914 882873 8593 8593 973049 1229559 8593 8593 5469978 1141306 8593 8593 8593 8593 8593
601750 1026916 882893 8593 8593 1340993 1229559 8593 8593 6059508 1566032 8593 8593 8593 8593 8593
776904 1005327 798217 8593 8593 1026896 1131398 8593 8593 5492532 1229559 8593 8593 8593 8593 8593
603257 940691 882829 8593 8593 1026916 1579820 8593 8593 8026450 1229559 8593 8593 8593 8593 8593
776904 1026914 882873 8593 8593 973049 1229559 8593 8593 5469978 1145186 8593 8593 8593 8593 8593
601750 1026916 882893 8593 8593 1340993 1229559 8593 8593 6059508 1566032 8593 8593 8593 8593 8593
776904 1005321 798208 8593 8593 1026896 1138292 8593 8593 5500291 1229559 8593 8593 8593 8593 8593
601750 940698 882838 8593 8593 1026916 1572926 8593 8593 8017184 1229559 8593 8593 8593 8593 8593
776904 1026929 882884 8593 8593 956889 1229559 8593 8593 5457623 1131398 8593 8593 8593 8593 8593
601750 1026900 882882 8593 8593 1357154 1229559 8593 8593 6071072 1575940 8593 8593 8593 8593 8593
776904 1005327 798217 8593 8593 1026896 1131398 8593 8593 5492532 1229559 8593 8593 8593 8593 8593
603257 940691 882829 8593 8593 1026916 1577447 8593 8593 8026450 1229559 8593 8593 8593 8593 8593
776904 1026914 882873 8593 8593 973049 1229559 8593 8593 5469978 1145186 8593 8593 8593 8593 8593
601750 1026916 882893 8593 8593 1340993 1229559 8593 8593 6059508 1566032 8593 8593 8593 8593 8593
776904 1005327 798217 8593 8593 1026896 1131398 8593 8593 5492532 1229559 8593 8593 8593 8593 8593
603257 940691 882829 8593 8593 1026916 1579820 8593 8593 8026450 1229559 8593 8593 8593 8593 8593
776904 1026914 882873 8593 8593 973049 1229559 8593 8593 5469978 1141306 8593 8593 8593 8593 8593
601750 1026916 882893 8593 8593 1340993 1229559 8593 8593 6059508 1566032 8593 8593 8593 8593 8593
776904 1005327 798217 8593 8593 1026896 1131398 8593 8593 5492532 1229559 8593 8593 8593 8593 8593
603257 940691 882829 8593 8593 1026916 1579820 8593 8593 8026450 1229559 8593 8593 8593 8593 8593
776904 1026914 882873 8593 8593 973049 1229559 8593 8593 5469978 1145186 8593 8593 8593 8593 8593
601750 1026916 882893 8593 8593 1340993 1229559 8593 8593 6059508 1566032 8593 8593 8593 8593 8593
776904 1005321 798208 8593 8593 1026896 1138292 8593 8593 5500291 1229559 8593 8593 8593 8593 8593
601750 940698 882838 8593 8593 1026916 1572926 8593 8593 8017184 1229559 8593 8593 8593 8593 8593
776904 1026929 882884 8593 8593 956889 1229559 8593 8593 5457623 1131398 8593 8593 8593 8593 8593
601750 1026900 882882 8593 8593 1357154 1229559 8593 8593 6071072 1575940 8593 8593 8593 8593 8593
776904 1005327 798217 8593 8593 1026896 1131398 8593 8593 5492532 1229559 8593 8593 8593 8593 8593
603257 940691 882829 8593 8593 1026916 1577447 8593 8593 8026450 1229559 8593 8593 8593 8593 8593
776904 1026914 882873 8593 8593 973049 1229559 8593 8593 5469978 1145186 8593 8593 8593 8593 8593
601750 1026916 882893 8593 8593 1340993 1229559 8593 8593 6059508 1566032 8593 8593 8593 8593 8593
776904 1005327 798217 8593 8593 1026896 1131398 8593 8593 5492532 1229559 8593 8593 8593 8593 8593
603257 940691 882829 8593 8593 1026916 1579820 8593 8593 8026450 1229559 8593 8593 8593 8593 8593
776904 1026914 882873 8593 8593 973049 1229559 8593 8593 5469978 1141306 8593 8593 8593 8593 8593
601750 1026916 882893 8593 8593 1340993 1229559 8593 8593 6059508 1566032 8593 8593 8593 8593 8593
776904 1005327 798217 8593 8593 1026896 1131398 8593 8593 5492532 1229559 8593 8593 8593 8593 8593
603257 940691 882829 8593 8593 1026916 1579820 8593 8593 8026450 1229559 8593 8593 8593 8593 8593
776904 1026914 882873 8593 8593 973049 1229559 8593 8593 5469978 1145186 8593 8593 8593 8593 8593
601750 1026916 882893 8593 8593 1340993 1229559 8593 8593 6059508 1566032 8593 8593 8593 8593 8593
776904 1005321 798208 8593 8593 1026896 1138292 8593 8593 5500291 1229559 8593 8593 8593 8593 8593
601750 940698 882838 8593 8593 1026916 1572926 8593 8593 8017184 1229559 8593 8593 8593 8593 8593
776904 1026929 882884 8593 8593 956889 1229559 8593 8593 5457623 1131398 8593 8593 8593 8593 8593
601750 1026900 882882 8593 8593 1357154 1229559 8593 8593 6071072 1575940 8593 8593 8593 8593 8593
776904 1005327 798217 8593 8593 1026896 1131398 8593 8593 5492532 1229559 8593 8593 8593 8593 8593
603257 940691 882829 8593 8593 1026916 1577447 8593 8593 8026450 1229559 8593 8593 8593 8593 8593
776904 1026914 882873 8593 8593 973049 1229559 8593 8593 5469978 1145186 8593 8593 8593 8593 8593
601750 1026916 882893 8593 8593 1340993 1229559 8593 8593 6059508 1566032 8593 8593 8593 8593 8593
776904 1005327 798217 8593 8593 1026896 1131398 8593 8593 5492532 1229559 8593 8593 8593 8593 8593
603257 940691 882829 8593 8593 1026916 1579820 8593 8593 8026450 1229559 8593 8593 8593 8593 8593
776904 1026914 882873 8593 8593 973049 1229559 8593 8593 5469978 1141306 8593 8593 8593 8593 8593
601750 1026916 882893 8593 8593 1340993 1229559 8593 8593 6059508 1566032 8593 8593 8593 8593 8593
776904 1005327 798217 8593 8593 1026896 1131398 8593 8593 5492532 1229559 8593 8593 8593 8593 8593
603257 940691 882829 8593 8593 1026916 1579820 8593 8593 8026450 1229559 8593 8593 8593 8593 8593
776904 1026914 882873 8593 8593 973049 1229559 8593 8593 5469978 1145186 8593 8593 8593 8593 8593
601750 1026916 882893 8593 8593 1340993 1229559 8593 8593 6059508 1566032 8593 8593 8593 8593 8593
776904 1005321 798208 8593 8593 1026896 1138292 8593 8593 5500291 1229559 8593 8593 8593 8593 8593
601750 940698 882838 8593 8593 1026916 1572926 8593 8593 8017184 1229559 8593 8593 8593 8593 8593
776904 1026929 882884 8593 8593 956889 1229559 8593 8593 5457623 1131398 8593 8593 8593 8593 8593
601750 1026900 882882 8593 8593 1357154 1229559 8593 8593 6071072 1575940 8593 8593 8593 8593 8593
776904 1005327 798217 8593 8593 1026896 1131398 8593 8593 5492532 1229559 8593 8593 8593 8593 8593
603257 940691 882829 8593 8593 1026916 1577447 8593 8593 8026450 1229559 8593 8593 8593 8593 8593
776904 1026914 882873 8593 8593 973049 1229559 8593 8593 5469978 1145186 8593 8593 8593 8593 8593
601750 1026916 882893 8593 8593 1340993 1229559 8593 8593 6059508 1566032 8593 8593 8593 8593 8593
776904 1005327 798217 8593 8593 1026896 1131398 8593 8593 5492532 1229559 8593 8593 8593 8593 8593
603257 965959 940559 8593 8593 1805739 5464492 8593 8593 6893681 5095428 8593 8593 8593 8593 8593
