225275 5014896 4330880 34535 34535 5034986 7241471 34535 34535 28429703 7017097 34535 34535 34535 34535 34540
819172 4635601 4153288 34375 34375 4748690 6042155 34375 34375 27245190 5681845 34375 34375 34375 34375 34375
819172 4748690 4153361 34375 34375 4629021 5684922 34375 34375 27363009 5970204 34375 34375 34375 34375 34375
819172 4694823 4068608 34375 34375 4748652 5570773 34375 34375 26806713 5684922 34375 34375 34375 34375 34375
819172 5064257 4153326 34375 34375 4728650 5684889 34375 34375 26861071 5647376 34375 34375 34375 34375 34375
817665 4748690 4153406 34375 34375 5030430 5702526 34375 34375 27613153 6004672 34375 34375 34375 34375 34375
819172 4629030 4451306 34375 34375 4748690 5949523 34375 34375 36285288 5684922 34375 34375 34375 34375 34375
645525 4926121 4153352 34375 34375 4628990 5684922 34375 34375 35888611 5570747 34375 34375 34375 34375 34375
819172 4715173 4068617 34375 34375 4748683 5570743 34375 34375 35748791 5684915 34375 34375 34375 34375 34375
645525 4635632 4153326 34375 34375 4715173 5684922 34375 34375 35974127 5674951 34375 34375 34375 34375 34375
819172 4748690 4169566 34375 34375 4635632 5684922 34375 34375 36292638 5977097 34375 34375 34375 34375 34375
644018 4673276 4439026 34375 34375 4748690 5570743 34375 34375 27778667 5684922 34375 34375 34375 34375 34375
819172 5278014 4153326 34375 34375 4707103 5684922 34375 34375 26842558 5626695 34375 34375 34375 34375 34375
817665 4748692 4133366 34375 34375 5051977 5681845 34375 34375 27615529 6025353 34375 34375 34375 34375 34375
819172 4628981 4472853 34375 34375 4748690 5970204 34375 34375 36076105 5684922 34375 34375 34375 34375 34375
819172 4748690 4153334 34375 34375 4628994 5684922 34375 34375 26982824 5570743 34375 34375 34375 34375 34375
819172 4716370 4068635 34375 34375 4748679 5570747 34375 34375 26806765 5684922 34375 34375 34375 34375 34375
819172 5236428 4153326 34375 34375 4716370 5684915 34375 34375 27043046 5635096 34375 34375 34375 34375 34375
819172 4748690 4141125 34375 34375 5042710 5688738 34375 34375 27610855 6018460 34375 34375 34375 34375 34375
819172 4628986 4465959 34375 34375 4748690 5963310 34375 34375 36074605 5684922 34375 34375 34375 34375 34375
819172 4748690 4153328 34375 34375 4628986 5684922 34375 34375 26984329 5570743 34375 34375 34375 34375 34375
819172 4723263 4068641 34375 34375 4748687 5570784 34375 34375 26806761 5684922 34375 34375 34375 34375 34375
819172 5229534 4153326 34375 34375 4723263 5684878 34375 34375 27049233 5640482 34375 34375 34375 34375 34375
819172 4748690 4148019 34375 34375 5035817 5695632 34375 34375 27611571 6011566 34375 34375 34375 34375 34375
819172 4628986 4459065 34375 34375 4748690 5956416 34375 34375 36097989 5684922 34375 34375 34375 34375 34375
819172 4748690 4153326 34375 34375 4629003 5684922 34375 34375 27185656 5570769 34375 34375 34375 34375 34375
819172 4715184 4068663 34375 34375 4748670 5619801 34375 34375 26874294 5684893 34375 34375 34375 34375 34375
819172 4635618 4153306 34375 34375 4748709 6032247 34375 34375 27432476 5709419 34375 34375 34375 34375 34375
819172 4748690 4153326 34375 34375 4629008 5684922 34375 34375 27547722 5942629 34375 34375 34375 34375 34375
819172 4687063 4068646 34375 34375 4748643 5570782 34375 34375 26806713 5684922 34375 34375 34375 34375 34375
819172 5265734 4153326 34375 34375 4723263 5684880 34375 34375 26854884 5644362 34375 34375 34375 34375 34375
819172 4748690 4148019 34375 34375 5037324 5695632 34375 34375 27611571 6010059 34375 34375 34375 34375 34375
819172 4628986 4459065 34375 34375 4748690 5956416 34375 34375 36100362 5684922 34375 34375 34375 34375 34375
819172 4748690 4153326 34375 34375 4629003 5684922 34375 34375 27185656 5570769 34375 34375 34375 34375 34375
819172 4715184 4068663 34375 34375 4748670 5621308 34375 34375 26874294 5684893 34375 34375 34375 34375 34375
819172 4635618 4153306 34375 34375 4748709 6030740 34375 34375 27432476 5709419 34375 34375 34375 34375 34375
819172 4748690 4153326 34375 34375 4629008 5684922 34375 34375 27356819 5942629 34375 34375 34375 34375 34375
819172 4687063 4068646 34375 34375 4748643 5570782 34375 34375 26806713 5684922 34375 34375 34375 34375 34375
819172 5265734 4153326 34375 34375 4723263 5684880 34375 34375 26854884 5641989 34375 34375 34375 34375 34375
819172 4748690 4148019 34375 34375 5035817 5702526 34375 34375 36345726 6011566 34375 34375 34375 34375 34375
645525 4628986 4459065 34375 34375 4748690 5949523 34375 34375 27348548 5684922 34375 34375 34375 34375 34375
819172 4748690 4153326 34375 34375 4628994 5684922 34375 34375 26794872 5570760 34375 34375 34375 34375 34375
819172 4715175 4068654 34375 34375 4748679 5630575 34375 34375 26882061 5684902 34375 34375 34375 34375 34375
819172 3771256 3390934 34375 34375 4615916 8779047 34375 34375 21539149 8456362 34375 34375 34375 34375 34375
